0 0.091796875 0.15234375 0.1083984375 0.140625 0.1435546875 0.1328125 0.158203125 0.11328125 0.171875 0.061197916666666664 0.173828125 0.0013020833333333333 0.0009765625 0 0 0.016927083333333332 0.0126953125 0.041666666666666664 0.0361328125 0.033854166666666664 0.0634765625 0.036458333333333336 0.076171875 0.032552083333333336 0.07421875 0.11588541666666667 0.080078125 0.14713541666666666 0.0849609375 0.15364583333333334
0 0.298828125 0.66796875 0.310546875 0.6393229166666666 0.310546875 0.6263020833333334 0.2890625 0.57421875 0.302734375 0.55859375 0.302734375 0.5403645833333334 0.30859375 0.5299479166666666 0.302734375 0.4934895833333333 0.310546875 0.4830729166666667 0.3115234375 0.4713541666666667 0.3291015625 0.4739583333333333 0.3466796875 0.4609375 0.349609375 0.4440104166666667 0.37109375 0.4153645833333333 0.373046875 0.3971354166666667 0.3798828125 0.3958333333333333 0.38671875 0.38671875 0.38671875 0.37890625 0.37890625 0.3736979166666667 0.3671875 0.33203125 0.353515625 0.3111979166666667 0.345703125 0.28515625 0.3388671875 0.2760416666666667 0.3330078125 0.2760416666666667 0.3251953125 0.2864583333333333 0.3134765625 0.2916666666666667 0.3076171875 0.3072916666666667 0.2939453125 0.3098958333333333 0.26953125 0.3450520833333333 0.271484375 0.3684895833333333 0.263671875 0.3841145833333333 0.263671875 0.3971354166666667 0.2275390625 0.40625 0.220703125 0.41796875 0.216796875 0.4466145833333333 0.197265625 0.46484375 0.205078125 0.4830729166666667 0.197265625 0.49609375 0.201171875 0.51171875 0.201171875 0.54296875 0.19140625 0.55859375 0.19140625 0.56640625 0.2265625 0.6263020833333334 0.2451171875 0.6666666666666666 0.2548828125 0.6510416666666666 0.2724609375 0.6666666666666666
0 0.166015625 0.4466145833333333 0.1796875 0.4361979166666667 0.181640625 0.4153645833333333 0.169921875 0.4127604166666667 0.16796875 0.3763020833333333 0.15625 0.35546875 0.15234375 0.33203125 0.1474609375 0.328125 0.140625 0.3502604166666667 0.1279296875 0.3541666666666667 0.12109375 0.3502604166666667 0.1181640625 0.3385416666666667 0.1083984375 0.3411458333333333 0.10546875 0.3528645833333333 0.11328125 0.3763020833333333 0.12109375 0.38671875 0.119140625 0.4127604166666667 0.125 0.4283854166666667 0.1318359375 0.4375 0.1474609375 0.4453125
0 0.119140625 0.9986979166666666 0.12109375 0.9544270833333334 0.1171875 0.92578125 0.0986328125 0.9140625 0.09375 0.9205729166666666 0.0859375 0.9544270833333334 0.087890625 0.9752604166666666 0.083984375 0.99609375 0.0869140625 1
0 0.20703125 0.9986979166666666 0.208984375 0.98828125 0.2060546875 0.984375 0.1943359375 0.9869791666666666 0.1875 0.99609375 0.1884765625 1
0 0.482421875 0.8190104166666666 0.498046875 0.79296875 0.494140625 0.7643229166666666 0.484375 0.7356770833333334 0.494140625 0.6966145833333334 0.4921875 0.6705729166666666 0.4755859375 0.6484375 0.4541015625 0.6328125 0.4306640625 0.6354166666666666 0.4130859375 0.6484375 0.3837890625 0.6484375 0.3828125 0.6575520833333334 0.4013671875 0.6744791666666666 0.404296875 0.68359375 0.392578125 0.7200520833333334 0.392578125 0.7356770833333334 0.3984375 0.75390625 0.4248046875 0.7786458333333334 0.4345703125 0.78125 0.4443359375 0.7942708333333334 0.4619140625 0.8020833333333334 0.4716796875 0.8177083333333334
0 0.623046875 0.7877604166666666 0.6435546875 0.78125 0.6572265625 0.7708333333333334 0.673828125 0.7486979166666666 0.6796875 0.73046875 0.677734375 0.7252604166666666 0.7041015625 0.7057291666666666 0.716796875 0.7096354166666666 0.720703125 0.7278645833333334 0.744140625 0.7513020833333334 0.7421875 0.7591145833333334 0.7451171875 0.7630208333333334 0.7646484375 0.7552083333333334 0.8046875 0.69921875 0.806640625 0.6705729166666666 0.802734375 0.65234375 0.7333984375 0.5885416666666666 0.7197265625 0.5885416666666666 0.720703125 0.60546875 0.7138671875 0.609375 0.6865234375 0.578125 0.6669921875 0.5807291666666666 0.65234375 0.6002604166666666 0.6396484375 0.6276041666666666 0.6220703125 0.6302083333333334 0.6142578125 0.625 0.6123046875 0.640625 0.5966796875 0.6432291666666666 0.58203125 0.66796875 0.564453125 0.7174479166666666 0.5625 0.73046875 0.5791015625 0.7864583333333334 0.6103515625 0.7838541666666666
0 0.625 0.4908854166666667 0.626953125 0.4700520833333333 0.61328125 0.4466145833333333 0.607421875 0.37109375 0.5888671875 0.3671875 0.5712890625 0.3567708333333333 0.5498046875 0.3619791666666667 0.53125 0.38671875 0.52734375 0.40234375 0.52734375 0.4231770833333333 0.5390625 0.4674479166666667 0.5537109375 0.4791666666666667 0.5791015625 0.4713541666666667 0.5927734375 0.4869791666666667
0 0.650390625 0.3294270833333333 0.6552734375 0.3255208333333333 0.6669921875 0.328125 0.6708984375 0.3229166666666667 0.6962890625 0.328125 0.712890625 0.3138020833333333 0.71875 0.30078125 0.716796875 0.26953125 0.72265625 0.2565104166666667 0.7177734375 0.234375 0.6962890625 0.22916666666666666 0.6884765625 0.23697916666666666 0.6796875 0.22265625 0.6796875 0.20963541666666666 0.6748046875 0.20572916666666666 0.6572265625 0.20572916666666666 0.6328125 0.22005208333333334 0.630859375 0.23307291666666666 0.623046875 0.24609375 0.623046875 0.26953125 0.626953125 0.27734375 0.623046875 0.2955729166666667 0.6376953125 0.3046875 0.640625 0.3216145833333333
0 0.837890625 0.3424479166666667 0.849609375 0.33203125 0.845703125 0.31640625 0.8525390625 0.3151041666666667 0.861328125 0.3033854166666667 0.861328125 0.2955729166666667 0.8212890625 0.234375 0.7958984375 0.21875 0.7861328125 0.21875 0.77734375 0.23567708333333334 0.810546875 0.32421875 0.8212890625 0.3411458333333333
0 0.763671875 0.4518229166666667 0.7802734375 0.4505208333333333 0.7900390625 0.4401041666666667 0.7958984375 0.4427083333333333 0.798828125 0.4388020833333333 0.79296875 0.4127604166666667 0.791015625 0.3684895833333333 0.78515625 0.3528645833333333 0.7666015625 0.3307291666666667 0.7607421875 0.3307291666666667 0.751953125 0.34765625 0.748046875 0.3658854166666667 0.751953125 0.3736979166666667 0.751953125 0.3919270833333333 0.74609375 0.4049479166666667 0.744140625 0.4283854166666667 0.744140625 0.4466145833333333 0.7490234375 0.453125