0 0.228515625 0.55859375 0.2451171875 0.546875 0.25390625 0.5325520833333334 0.25390625 0.5169270833333334 0.2666015625 0.5 0.2802734375 0.4921875 0.3095703125 0.4505208333333333 0.3466796875 0.4270833333333333 0.35546875 0.4153645833333333 0.35546875 0.4075520833333333 0.345703125 0.3971354166666667 0.3662109375 0.3828125 0.376953125 0.3684895833333333 0.38671875 0.34765625 0.38671875 0.3268229166666667 0.380859375 0.30859375 0.3720703125 0.2994791666666667 0.3505859375 0.2916666666666667 0.3310546875 0.2916666666666667 0.3193359375 0.2994791666666667 0.2998046875 0.328125 0.26953125 0.2591145833333333 0.2578125 0.25390625 0.2578125 0.24088541666666666 0.25 0.22265625 0.212890625 0.16536458333333334 0.1953125 0.13151041666666666 0.1953125 0.12369791666666667 0.1845703125 0.1171875 0.1796875 0.12890625 0.181640625 0.14713541666666666 0.1875 0.16015625 0.1875 0.17317708333333334 0.193359375 0.17838541666666666 0.19921875 0.21223958333333334 0.2177734375 0.2265625 0.23828125 0.2513020833333333 0.232421875 0.2799479166666667 0.2158203125 0.2942708333333333 0.2021484375 0.296875 0.193359375 0.3111979166666667 0.201171875 0.3294270833333333 0.22265625 0.35546875 0.234375 0.3893229166666667 0.2314453125 0.3932291666666667 0.1982421875 0.3932291666666667 0.1689453125 0.4114583333333333 0.138671875 0.4622395833333333 0.13671875 0.4934895833333333 0.142578125 0.5221354166666666 0.1533203125 0.5390625 0.1884765625 0.5260416666666666 0.1923828125 0.5442708333333334 0.2021484375 0.5442708333333334 0.2158203125 0.5598958333333334
0 0.052734375 0.55078125 0.08203125 0.4934895833333333 0.083984375 0.47265625 0.091796875 0.4518229166666667 0.091796875 0.4361979166666667 0.078125 0.41015625 0.095703125 0.3841145833333333 0.09765625 0.3736979166666667 0.1474609375 0.3723958333333333 0.181640625 0.3372395833333333 0.18359375 0.3294270833333333 0.1806640625 0.3255208333333333 0.1669921875 0.3203125 0.1513671875 0.3255208333333333 0.146484375 0.3033854166666667 0.1376953125 0.2994791666666667 0.12890625 0.3111979166666667 0.1220703125 0.3333333333333333 0.1064453125 0.3359375 0.1025390625 0.3411458333333333 0.0908203125 0.3333333333333333 0.0751953125 0.3333333333333333 0.0703125 0.33984375 0.076171875 0.36328125 0.0625 0.38671875 0.060546875 0.40234375 0.0546875 0.41015625 0.0546875 0.4231770833333333 0.0390625 0.4361979166666667 0.03515625 0.4622395833333333 0.021484375 0.4908854166666667 0.017578125 0.5143229166666666 0.01953125 0.5377604166666666 0.0244140625 0.546875 0.0302734375 0.5442708333333334 0.0400390625 0.5520833333333334
0 0.376953125 0.90234375 0.3955078125 0.8958333333333334 0.4013671875 0.8880208333333334 0.4560546875 0.8932291666666666 0.478515625 0.8736979166666666 0.484375 0.8450520833333334 0.48046875 0.8268229166666666 0.4736328125 0.8177083333333334 0.4658203125 0.8177083333333334 0.4365234375 0.796875 0.4169921875 0.7916666666666666 0.4072265625 0.7760416666666666 0.388671875 0.7591145833333334 0.37890625 0.7330729166666666 0.3623046875 0.7161458333333334 0.3447265625 0.7213541666666666 0.3173828125 0.7395833333333334 0.30078125 0.7669270833333334 0.3017578125 0.7916666666666666 0.2861328125 0.7838541666666666 0.2548828125 0.7890625 0.24609375 0.7981770833333334 0.234375 0.83203125 0.224609375 0.8450520833333334 0.224609375 0.8528645833333334 0.236328125 0.87890625 0.2490234375 0.8932291666666666 0.2607421875 0.8880208333333334 0.2880859375 0.8880208333333334 0.3193359375 0.8932291666666666 0.3349609375 0.9010416666666666
0 0.54296875 0.62109375 0.552734375 0.6106770833333334 0.55078125 0.58984375 0.5361328125 0.5807291666666666 0.521484375 0.60546875 0.51953125 0.6184895833333334
0 0.638671875 0.43359375 0.654296875 0.4153645833333333 0.65625 0.3919270833333333 0.66796875 0.37890625 0.6796875 0.35546875 0.6796875 0.3138020833333333 0.6669921875 0.2942708333333333 0.6357421875 0.3020833333333333 0.626953125 0.3138020833333333 0.619140625 0.33984375 0.611328125 0.34765625 0.615234375 0.3919270833333333
0 0.68359375 0.2799479166666667 0.6982421875 0.2630208333333333 0.7138671875 0.2630208333333333 0.712890625 0.24869791666666666 0.6982421875 0.23697916666666666 0.6904296875 0.23958333333333334 0.6845703125 0.22916666666666666 0.6455078125 0.19791666666666666 0.6357421875 0.19791666666666666 0.6318359375 0.19270833333333334 0.625 0.22005208333333334 0.62890625 0.26171875 0.6591796875 0.2786458333333333
0 0.716796875 0.20442708333333334 0.7255859375 0.203125 0.73046875 0.19661458333333334 0.720703125 0.18359375 0.720703125 0.15494791666666666 0.705078125 0.13671875 0.6875 0.09244791666666667 0.6689453125 0.06510416666666667 0.6611328125 0.06510416666666667 0.6484375 0.08723958333333333 0.650390625 0.12369791666666667 0.6650390625 0.14583333333333334 0.68359375 0.16276041666666666 0.685546875 0.17578125 0.6982421875 0.203125
0 0.673828125 0.78515625 0.697265625 0.75390625 0.6953125 0.73046875 0.6904296875 0.7265625 0.6865234375 0.7317708333333334 0.6787109375 0.7317708333333334 0.6669921875 0.7265625 0.666015625 0.7122395833333334 0.6572265625 0.6979166666666666 0.6494140625 0.7109375 0.6357421875 0.7057291666666666 0.626953125 0.72265625 0.630859375 0.7747395833333334 0.6416015625 0.7838541666666666
0 0.701171875 0.94921875 0.7236328125 0.9296875 0.732421875 0.91015625 0.734375 0.8424479166666666 0.7314453125 0.8359375 0.7080078125 0.8359375 0.705078125 0.83203125 0.712890625 0.8190104166666666 0.7109375 0.80078125 0.7060546875 0.7916666666666666 0.6982421875 0.7942708333333334 0.6865234375 0.7838541666666666 0.6396484375 0.8255208333333334 0.6259765625 0.8307291666666666 0.62109375 0.8450520833333334 0.62890625 0.8684895833333334 0.6396484375 0.8854166666666666 0.66015625 0.8919270833333334 0.66015625 0.9309895833333334 0.6669921875 0.9427083333333334
0 0.765625 0.76171875 0.76953125 0.75390625 0.771484375 0.7252604166666666 0.7666015625 0.71875 0.7431640625 0.7083333333333334 0.740234375 0.7174479166666666 0.744140625 0.7513020833333334 0.7568359375 0.7630208333333334
0 0.841796875 0.9674479166666666 0.8544921875 0.9505208333333334 0.8671875 0.9466145833333334 0.869140625 0.91015625 0.875 0.88671875 0.875 0.8658854166666666 0.8701171875 0.859375 0.8564453125 0.859375 0.8505859375 0.8671875 0.8447265625 0.8515625 0.826171875 0.8606770833333334 0.818359375 0.8841145833333334 0.794921875 0.9075520833333334 0.794921875 0.92578125 0.7890625 0.9309895833333334 0.7890625 0.9518229166666666 0.7939453125 0.9609375 0.8017578125 0.9635416666666666 0.8076171875 0.9505208333333334 0.8212890625 0.9479166666666666 0.8271484375 0.9635416666666666