0 0.001953125 0.3033854166666667 0.0146484375 0.2994791666666667 0.025390625 0.2877604166666667 0.02734375 0.2643229166666667 0.0390625 0.24609375 0.0390625 0.18619791666666666 0.03125 0.14713541666666666 0.025390625 0.13411458333333334 0.0048828125 0.11197916666666667 0 0.11328125
0 0.35546875 0.37109375 0.3876953125 0.359375 0.408203125 0.33203125 0.412109375 0.31640625 0.412109375 0.2669270833333333 0.408203125 0.25390625 0.3740234375 0.19791666666666666 0.3330078125 0.15625 0.3115234375 0.1484375 0.2744140625 0.1484375 0.2646484375 0.15364583333333334 0.2421875 0.17838541666666666 0.228515625 0.21484375 0.228515625 0.24348958333333334 0.23828125 0.27734375 0.2587890625 0.3072916666666667 0.2802734375 0.3203125 0.3115234375 0.3515625 0.3271484375 0.3619791666666667
0 0.453125 0.2799479166666667 0.4775390625 0.2708333333333333 0.4951171875 0.2578125 0.50390625 0.24869791666666666 0.515625 0.21744791666666666 0.513671875 0.16796875 0.49609375 0.13411458333333334 0.4833984375 0.125 0.4619140625 0.11979166666666667 0.4404296875 0.12239583333333333 0.4169921875 0.140625 0.404296875 0.16015625 0.396484375 0.18098958333333334 0.39453125 0.20182291666666666 0.388671875 0.21223958333333334 0.3984375 0.23567708333333334 0.4267578125 0.2734375 0.4365234375 0.28125
0 0.494140625 0.6497395833333334 0.5078125 0.63671875 0.5087890625 0.6223958333333334 0.5380859375 0.6067708333333334 0.5615234375 0.5859375 0.56640625 0.5638020833333334 0.576171875 0.5533854166666666 0.5703125 0.54296875 0.57421875 0.51171875 0.572265625 0.4830729166666667 0.560546875 0.4674479166666667 0.564453125 0.4596354166666667 0.5341796875 0.4322916666666667 0.5283203125 0.4166666666666667 0.5029296875 0.4270833333333333 0.4833984375 0.4192708333333333 0.4794921875 0.4322916666666667 0.4521484375 0.4322916666666667 0.4345703125 0.4401041666666667 0.404296875 0.4752604166666667 0.38671875 0.5221354166666666 0.38671875 0.5455729166666666 0.4072265625 0.5859375 0.4189453125 0.5911458333333334 0.4306640625 0.6067708333333334 0.4521484375 0.6223958333333334 0.4638671875 0.6223958333333334 0.46875 0.63671875 0.4814453125 0.6510416666666666
0 0.32421875 0.63671875 0.3369140625 0.6302083333333334 0.349609375 0.6158854166666666 0.35546875 0.6002604166666666 0.357421875 0.5768229166666666 0.3427734375 0.5364583333333334 0.3330078125 0.5260416666666666 0.3017578125 0.515625 0.2861328125 0.5260416666666666 0.26953125 0.5481770833333334 0.263671875 0.56640625 0.263671875 0.5950520833333334 0.2734375 0.6158854166666666 0.2900390625 0.6328125 0.3037109375 0.6380208333333334
0 0.2265625 0.8997395833333334 0.23828125 0.8893229166666666 0.2431640625 0.8723958333333334 0.2802734375 0.8671875 0.3037109375 0.8515625 0.3291015625 0.8125 0.34375 0.80078125 0.34375 0.79296875 0.3310546875 0.7838541666666666 0.3212890625 0.7838541666666666 0.3076171875 0.7942708333333334 0.3046875 0.7903645833333334 0.3046875 0.7799479166666666 0.314453125 0.76953125 0.314453125 0.76171875 0.2998046875 0.7578125 0.296875 0.7513020833333334 0.29296875 0.7200520833333334 0.275390625 0.6549479166666666 0.2373046875 0.6276041666666666 0.2197265625 0.6276041666666666 0.2099609375 0.6328125 0.19140625 0.6549479166666666 0.169921875 0.7174479166666666 0.15625 0.81640625 0.146484375 0.83984375 0.146484375 0.86328125 0.1533203125 0.8776041666666666 0.2119140625 0.8776041666666666 0.212890625 0.8919270833333334 0.2177734375 0.8984375
0 0.728515625 0.4856770833333333 0.7509765625 0.4739583333333333 0.7607421875 0.4739583333333333 0.7646484375 0.4791666666666667 0.7744140625 0.4713541666666667 0.8076171875 0.4817708333333333 0.8154296875 0.4765625 0.822265625 0.4622395833333333 0.8203125 0.43359375 0.7998046875 0.4036458333333333 0.7783203125 0.4010416666666667 0.7607421875 0.4114583333333333 0.7509765625 0.4270833333333333 0.7060546875 0.4348958333333333 0.6953125 0.4518229166666667 0.6953125 0.4752604166666667 0.7060546875 0.4869791666666667
0 0.798828125 0.9986979166666666 0.80859375 0.99609375 0.810546875 0.9752604166666666 0.8193359375 0.9739583333333334 0.82421875 0.9596354166666666 0.81640625 0.94921875 0.814453125 0.9075520833333334 0.8046875 0.87890625 0.7724609375 0.8515625 0.7529296875 0.84375 0.7197265625 0.84375 0.7021484375 0.8567708333333334 0.693359375 0.8763020833333334 0.6669921875 0.9140625 0.6572265625 0.90625 0.6474609375 0.90625 0.638671875 0.9153645833333334 0.638671875 0.93359375 0.65234375 0.9466145833333334 0.65625 0.9596354166666666 0.65625 0.9908854166666666 0.6630859375 1
0 0.58203125 0.84765625 0.591796875 0.8346354166666666 0.587890625 0.81640625 0.5927734375 0.8098958333333334 0.5986328125 0.8098958333333334 0.6103515625 0.796875 0.6357421875 0.796875 0.6591796875 0.7838541666666666 0.6875 0.7513020833333334 0.693359375 0.7356770833333334 0.69921875 0.69921875 0.6953125 0.6731770833333334 0.6708984375 0.6302083333333334 0.6376953125 0.6041666666666666 0.6025390625 0.6119791666666666 0.5869140625 0.625 0.5615234375 0.6692708333333334 0.5302734375 0.6848958333333334 0.517578125 0.69921875 0.509765625 0.7200520833333334 0.5078125 0.73828125 0.51953125 0.77734375 0.517578125 0.78515625 0.5556640625 0.8151041666666666 0.5693359375 0.8177083333333334 0.572265625 0.8216145833333334 0.572265625 0.8450520833333334
0 0.607421875 0.93359375 0.6259765625 0.9270833333333334 0.642578125 0.9075520833333334 0.654296875 0.87890625 0.654296875 0.8580729166666666 0.6484375 0.8424479166666666 0.6318359375 0.8229166666666666 0.5986328125 0.8177083333333334 0.591796875 0.82421875 0.591796875 0.8372395833333334 0.5849609375 0.8463541666666666 0.5771484375 0.8489583333333334 0.5693359375 0.84375 0.56640625 0.84765625 0.564453125 0.87890625 0.5703125 0.9049479166666666 0.5830078125 0.9270833333333334 0.5986328125 0.9348958333333334
0 0.59375 0.9986979166666666 0.603515625 0.9908854166666666 0.609375 0.97265625 0.609375 0.94140625 0.6064453125 0.9348958333333334 0.5849609375 0.9296875 0.576171875 0.91796875 0.56640625 0.89453125 0.564453125 0.87109375 0.5498046875 0.8697916666666666 0.5380859375 0.875 0.5185546875 0.8932291666666666 0.501953125 0.93359375 0.5 0.96484375 0.505859375 0.9830729166666666 0.50390625 0.99609375
0 0.4921875 0.9986979166666666 0.490234375 0.98828125 0.4755859375 0.9635416666666666 0.4423828125 0.9479166666666666 0.4267578125 0.9479166666666666 0.4208984375 0.9427083333333334 0.4111328125 0.9479166666666666 0.3935546875 0.9479166666666666 0.3876953125 0.9401041666666666 0.3681640625 0.9453125 0.3642578125 0.9375 0.3583984375 0.9375 0.34375 0.9596354166666666 0.345703125 0.9752604166666666 0.3623046875 1
0 1 0.99609375 1 0.8580729166666666 0.9677734375 0.8515625 0.9580078125 0.8411458333333334 0.9462890625 0.8411458333333334 0.94140625 0.8606770833333334 0.9208984375 0.8802083333333334 0.91015625 0.8971354166666666 0.89453125 0.94140625 0.880859375 0.9518229166666666 0.890625 0.9674479166666666 0.8994140625 0.9973958333333334