0 0.46484375 0.2799479166666667 0.484375 0.2513020833333333 0.486328125 0.20963541666666666 0.4658203125 0.17708333333333334 0.4521484375 0.171875 0.4365234375 0.17447916666666666 0.4287109375 0.1796875 0.41015625 0.20963541666666666 0.408203125 0.22786458333333334 0.412109375 0.24869791666666666 0.4326171875 0.2786458333333333
0 0.37890625 0.2721354166666667 0.388671875 0.2591145833333333 0.38671875 0.24348958333333334 0.3955078125 0.23958333333333334 0.408203125 0.22005208333333334 0.41015625 0.19661458333333334 0.40234375 0.16536458333333334 0.3896484375 0.1484375 0.3681640625 0.140625 0.349609375 0.16015625 0.341796875 0.18359375 0.341796875 0.19921875 0.34765625 0.21744791666666666 0.369140625 0.24869791666666666 0.3671875 0.2669270833333333 0.3720703125 0.2734375
0 0.345703125 0.30078125 0.3525390625 0.2994791666666667 0.361328125 0.2877604166666667 0.35546875 0.2513020833333333 0.3466796875 0.23697916666666666 0.3271484375 0.23177083333333334 0.3046875 0.2513020833333333 0.302734375 0.2669270833333333 0.3193359375 0.2942708333333333 0.3349609375 0.3020833333333333
0 0.419921875 0.39453125 0.4404296875 0.3854166666666667 0.44921875 0.3736979166666667 0.45703125 0.35546875 0.45703125 0.33203125 0.4443359375 0.3046875 0.4326171875 0.296875 0.4150390625 0.2942708333333333 0.3974609375 0.2994791666666667 0.384765625 0.3138020833333333 0.380859375 0.32421875 0.380859375 0.36328125 0.4052734375 0.390625
0 0.50390625 0.5559895833333334 0.5146484375 0.5520833333333334 0.5234375 0.5403645833333334 0.52734375 0.5299479166666666 0.529296875 0.48828125 0.5146484375 0.4635416666666667 0.5029296875 0.4557291666666667 0.4833984375 0.4557291666666667 0.466796875 0.47265625 0.458984375 0.5013020833333334 0.4853515625 0.5520833333333334
0 0.32421875 0.5794270833333334 0.3408203125 0.5677083333333334 0.353515625 0.5481770833333334 0.357421875 0.52734375 0.35546875 0.5065104166666666 0.349609375 0.4908854166666667 0.3271484375 0.4661458333333333 0.3017578125 0.4609375 0.2880859375 0.46875 0.265625 0.5013020833333334 0.265625 0.5403645833333334 0.2734375 0.55859375 0.2841796875 0.5703125 0.3017578125 0.5807291666666666
0 0.080078125 0.68359375 0.0927734375 0.6770833333333334 0.107421875 0.66015625 0.1171875 0.6315104166666666 0.099609375 0.6080729166666666 0.087890625 0.5768229166666666 0.0791015625 0.5677083333333334 0.0693359375 0.5677083333333334 0.0595703125 0.5859375 0.0478515625 0.5859375 0.041015625 0.59765625 0.044921875 0.6158854166666666 0.04296875 0.6393229166666666 0.0595703125 0.671875
0 0.01171875 0.79296875 0.029296875 0.77734375 0.0390625 0.74609375 0.03515625 0.7096354166666666 0.0185546875 0.6927083333333334 0 0.69921875 0 0.79296875
0 0.087890625 0.80859375 0.0966796875 0.8046875 0.111328125 0.78515625 0.119140625 0.76171875 0.1171875 0.7408854166666666 0.0986328125 0.7135416666666666 0.0615234375 0.6979166666666666 0.04296875 0.7330729166666666 0.041015625 0.7669270833333334 0.046875 0.7825520833333334 0.056640625 0.7903645833333334 0.0576171875 0.7994791666666666
0 0.224609375 0.8606770833333334 0.2470703125 0.8463541666666666 0.251953125 0.8268229166666666 0.2646484375 0.8255208333333334 0.26953125 0.81640625 0.2587890625 0.796875 0.248046875 0.7903645833333334 0.2373046875 0.765625 0.2294921875 0.7604166666666666 0.2060546875 0.7604166666666666 0.2001953125 0.75 0.1923828125 0.75 0.189453125 0.7643229166666666 0.193359375 0.7747395833333334 0.185546875 0.7981770833333334 0.185546875 0.8294270833333334 0.1982421875 0.8515625 0.2158203125 0.8619791666666666
0 0.14453125 0.9986979166666666 0.15625 0.99609375 0.1513671875 0.9817708333333334 0.1396484375 0.9817708333333334 0.134765625 0.9674479166666666 0.1240234375 0.9557291666666666 0.1064453125 0.9505208333333334 0.0908203125 0.9505208333333334 0.0732421875 0.9609375 0.05859375 0.9778645833333334 0.052734375 0.9934895833333334 0.0556640625 1
0 0.376953125 0.9986979166666666 0.3701171875 0.9869791666666666 0.3564453125 0.9791666666666666 0.3251953125 0.984375 0.3125 0.99609375 0.3134765625 1
0 0.486328125 0.9986979166666666 0.482421875 0.9856770833333334 0.4638671875 0.96875 0.4501953125 0.9713541666666666 0.435546875 0.9908854166666666 0.4365234375 1
0 0.4296875 0.8372395833333334 0.4501953125 0.8255208333333334 0.470703125 0.80078125 0.470703125 0.7955729166666666 0.4609375 0.78515625 0.453125 0.7591145833333334 0.4345703125 0.734375 0.4267578125 0.7317708333333334 0.4208984375 0.7395833333333334 0.4091796875 0.7395833333333334 0.3994140625 0.7473958333333334 0.38671875 0.7643229166666666 0.380859375 0.79296875 0.3916015625 0.8255208333333334 0.4111328125 0.8385416666666666
0 0.63671875 0.79296875 0.66015625 0.7747395833333334 0.677734375 0.74609375 0.6748046875 0.734375 0.6455078125 0.7317708333333334 0.61328125 0.7565104166666666 0.609375 0.7669270833333334 0.61328125 0.78515625 0.6279296875 0.7942708333333334
0 0.63671875 0.40234375 0.6484375 0.39453125 0.64453125 0.3841145833333333 0.6484375 0.3528645833333333 0.6357421875 0.3333333333333333 0.6162109375 0.3359375 0.6044921875 0.3489583333333333 0.580078125 0.36328125 0.5888671875 0.3854166666666667 0.5966796875 0.3854166666666667 0.6044921875 0.3958333333333333 0.6220703125 0.3932291666666667
0 0.634765625 0.055989583333333336 0.6572265625 0.041666666666666664 0.671875 0.01953125 0.67578125 0.00390625 0.68359375 0.0013020833333333333 0.5859375 0.0013020833333333333 0.587890625 0.022135416666666668 0.6025390625 0.041666666666666664 0.6142578125 0.052083333333333336
0 0.546875 0.022135416666666668 0.5615234375 0.013020833333333334 0.56640625 0.0013020833333333333 0.498046875 0.0013020833333333333 0.5302734375 0.0234375
0 0.474609375 0.12890625 0.4873046875 0.12239583333333333 0.501953125 0.10026041666666667 0.501953125 0.06901041666666667 0.4853515625 0.052083333333333336 0.4580078125 0.049479166666666664 0.44140625 0.06901041666666667 0.439453125 0.10026041666666667 0.4560546875 0.12760416666666666
0 0.130859375 0.03515625 0.1416015625 0.03125 0.16015625 0.0013020833333333333 0.1103515625 0 0.11328125 0.022135416666666668 0.1220703125 0.033854166666666664
0 0.876953125 0.3268229166666667 0.91015625 0.30078125 0.919921875 0.2721354166666667 0.916015625 0.23307291666666666 0.9287109375 0.20833333333333334 0.9423828125 0.2109375 0.9453125 0.20703125 0.943359375 0.19140625 0.9267578125 0.17447916666666666 0.9111328125 0.17447916666666666 0.9033203125 0.1875 0.8896484375 0.1953125 0.8779296875 0.21354166666666666 0.8427734375 0.22916666666666666 0.8056640625 0.22916666666666666 0.80078125 0.23567708333333334 0.810546875 0.26953125 0.8330078125 0.2942708333333333 0.8486328125 0.3203125
0 0.955078125 0.3033854166666667 0.9619140625 0.3020833333333333 0.966796875 0.29296875 0.96875 0.26171875 0.9814453125 0.25 0.998046875 0.22265625 1 0.21484375 0.99609375 0.19921875 0.9892578125 0.19010416666666666 0.9619140625 0.19270833333333334 0.958984375 0.20442708333333334 0.947265625 0.21744791666666666 0.94921875 0.23046875 0.939453125 0.23828125 0.939453125 0.2513020833333333 0.927734375 0.26953125 0.9443359375 0.2994791666666667
0 1 0.34765625 1 0.26953125 0.9951171875 0.2630208333333333 0.9814453125 0.2630208333333333 0.984375 0.32421875 0.990234375 0.33984375
0 0.9140625 0.76953125 0.927734375 0.75390625 0.927734375 0.72265625 0.921875 0.69921875 0.8974609375 0.6875 0.8681640625 0.6875 0.86328125 0.6940104166666666 0.861328125 0.7252604166666666 0.853515625 0.73046875 0.853515625 0.7408854166666666 0.8837890625 0.7682291666666666
0 0.8046875 0.9205729166666666 0.8134765625 0.9166666666666666 0.833984375 0.8815104166666666 0.8173828125 0.84375 0.8037109375 0.8359375 0.7919921875 0.8359375 0.7783203125 0.84375 0.76953125 0.8580729166666666 0.76953125 0.8893229166666666 0.77734375 0.9075520833333334 0.7880859375 0.9192708333333334
0 0.8671875 0.99609375 0.8759765625 0.984375 0.896484375 0.97265625 0.896484375 0.9622395833333334 0.892578125 0.95703125 0.896484375 0.9231770833333334 0.890625 0.8997395833333334 0.8798828125 0.8802083333333334 0.8291015625 0.8958333333333334 0.8125 0.92578125 0.8125 0.9544270833333334 0.8271484375 0.9791666666666666 0.8486328125 0.9947916666666666
0 0.966796875 0.09244791666666667 0.982421875 0.07682291666666667 0.986328125 0.06380208333333333 0.982421875 0.053385416666666664 0.974609375 0.048177083333333336 0.982421875 0.024739583333333332 0.982421875 0.0013020833333333333 0.8994140625 0 0.900390625 0.016927083333333332 0.91015625 0.04296875 0.9228515625 0.057291666666666664 0.9384765625 0.06510416666666667 0.9462890625 0.09114583333333333
0 0.40234375 0.009114583333333334 0.412109375 0.0013020833333333333 0.380859375 0.0013020833333333333 0.3916015625 0.010416666666666666
0 1 0.66796875 0.9990234375 0.6015625 0.990234375 0.62109375 0.98828125 0.64453125
0 0.57421875 0.3033854166666667 0.580078125 0.2981770833333333 0.583984375 0.2825520833333333 0.5810546875 0.2786458333333333 0.5693359375 0.2838541666666667 0.564453125 0.29296875 0.5693359375 0.3046875
0 0.00390625 0.4544270833333333 0.009765625 0.4231770833333333 0.0009765625 0.4036458333333333 0 0.4544270833333333