0 0.236328125 0.11328125 0.2490234375 0.10677083333333333 0.259765625 0.08984375 0.263671875 0.07942708333333333 0.263671875 0.053385416666666664 0.2509765625 0.0234375 0.2353515625 0.013020833333333334 0.2197265625 0.013020833333333334 0.201171875 0.03515625 0.1953125 0.07161458333333333 0.19921875 0.08723958333333333 0.2138671875 0.10677083333333333 0.2255859375 0.11458333333333333
0 0.212890625 0.2903645833333333 0.2333984375 0.2838541666666667 0.2578125 0.23828125 0.2578125 0.22786458333333334 0.24609375 0.21744791666666666 0.244140625 0.19921875 0.248046875 0.18359375 0.2392578125 0.171875 0.1953125 0.21223958333333334 0.181640625 0.23828125 0.1796875 0.26171875 0.173828125 0.2669270833333333 0.173828125 0.2721354166666667 0.1904296875 0.2890625
0 0.390625 0.26953125 0.408203125 0.24869791666666666 0.412109375 0.22526041666666666 0.408203125 0.19921875 0.39453125 0.17317708333333334 0.392578125 0.15234375 0.3837890625 0.1484375 0.3759765625 0.15625 0.3681640625 0.15625 0.3623046875 0.1484375 0.3486328125 0.1484375 0.3203125 0.19140625 0.318359375 0.22786458333333334 0.310546875 0.2513020833333333 0.3173828125 0.2630208333333333 0.3408203125 0.2578125 0.3505859375 0.265625
0 0.45703125 0.24869791666666666 0.4765625 0.23046875 0.478515625 0.16276041666666666 0.4599609375 0.1328125 0.4306640625 0.11979166666666667 0.4140625 0.13932291666666666 0.408203125 0.16276041666666666 0.408203125 0.19921875 0.4140625 0.23046875 0.4423828125 0.25
0 0.494140625 0.12369791666666667 0.50390625 0.11067708333333333 0.5 0.08984375 0.513671875 0.07682291666666667 0.51171875 0.05078125 0.4970703125 0.03125 0.4775390625 0.0234375 0.4521484375 0.0390625 0.443359375 0.05078125 0.439453125 0.08463541666666667 0.4462890625 0.1015625 0.4541015625 0.10677083333333333 0.4716796875 0.10677083333333333 0.4814453125 0.12239583333333333
0 0.01171875 0.41796875 0.0224609375 0.4114583333333333 0.029296875 0.3997395833333333 0.033203125 0.3893229166666667 0.033203125 0.3606770833333333 0.0224609375 0.3359375 0.0009765625 0.3255208333333333 0 0.41796875
0 0.091796875 0.55859375 0.1123046875 0.5442708333333334 0.125 0.52734375 0.1328125 0.5065104166666666 0.1328125 0.47265625 0.1220703125 0.453125 0.1103515625 0.4453125 0.0888671875 0.4479166666666667 0.07421875 0.46484375 0.05078125 0.5325520833333334 0.052734375 0.5403645833333334 0.0693359375 0.5572916666666666
0 0.1796875 0.46484375 0.185546875 0.4544270833333333 0.185546875 0.44140625 0.1767578125 0.4270833333333333 0.1396484375 0.4010416666666667 0.1259765625 0.4010416666666667 0.119140625 0.41015625 0.1220703125 0.4322916666666667 0.1416015625 0.4453125 0.1611328125 0.4661458333333333
0 0.15234375 0.5768229166666666 0.1884765625 0.5494791666666666 0.201171875 0.5247395833333334 0.201171875 0.5013020833333334 0.197265625 0.4908854166666667 0.1767578125 0.4661458333333333 0.1630859375 0.4661458333333333 0.1552734375 0.4713541666666667 0.14453125 0.4830729166666667 0.138671875 0.50390625 0.138671875 0.5533854166666666 0.146484375 0.57421875
0 0.228515625 0.65234375 0.25 0.62890625 0.25390625 0.6028645833333334 0.2607421875 0.5963541666666666 0.271484375 0.5950520833333334 0.271484375 0.5794270833333334 0.2626953125 0.5651041666666666 0.2451171875 0.5703125 0.2294921875 0.5494791666666666 0.2197265625 0.5494791666666666 0.2119140625 0.5416666666666666 0.2001953125 0.5442708333333334 0.1884765625 0.5520833333333334 0.18359375 0.5611979166666666 0.177734375 0.5768229166666666 0.177734375 0.5924479166666666 0.2060546875 0.6484375 0.2158203125 0.6536458333333334
0 0.150390625 0.72265625 0.158203125 0.7174479166666666 0.162109375 0.6940104166666666 0.158203125 0.6809895833333334 0.126953125 0.6393229166666666 0.125 0.6315104166666666 0.1328125 0.6263020833333334 0.1328125 0.6184895833333334 0.1240234375 0.59375 0.1064453125 0.5859375 0.09375 0.59765625 0.0888671875 0.6197916666666666 0.0771484375 0.6119791666666666 0.0673828125 0.6119791666666666 0.060546875 0.62109375 0.05859375 0.6315104166666666 0.0693359375 0.6510416666666666 0.0888671875 0.6588541666666666 0.09765625 0.6783854166666666 0.1162109375 0.6901041666666666 0.1337890625 0.71875 0.1416015625 0.7239583333333334
0 0.357421875 0.6966145833333334 0.361328125 0.6861979166666666 0.3759765625 0.6770833333333334 0.3828125 0.6627604166666666 0.37890625 0.6393229166666666 0.3603515625 0.6119791666666666 0.3525390625 0.609375 0.3447265625 0.5989583333333334 0.3212890625 0.5989583333333334 0.3095703125 0.6041666666666666 0.302734375 0.62109375 0.30859375 0.67578125
0 0.3046875 0.7408854166666666 0.3173828125 0.734375 0.32421875 0.71484375 0.3203125 0.69140625 0.3056640625 0.6744791666666666 0.2841796875 0.6822916666666666 0.27734375 0.69140625 0.2734375 0.70703125 0.27734375 0.7252604166666666 0.2861328125 0.7369791666666666
0 0.2734375 0.8606770833333334 0.2900390625 0.859375 0.3076171875 0.8489583333333334 0.318359375 0.8346354166666666 0.32421875 0.8138020833333334 0.31640625 0.7721354166666666 0.2880859375 0.7473958333333334 0.2685546875 0.7473958333333334 0.2568359375 0.7552083333333334 0.244140625 0.7721354166666666 0.23828125 0.7981770833333334 0.244140625 0.8294270833333334 0.2685546875 0.8619791666666666
0 0.146484375 0.8450520833333334 0.154296875 0.8372395833333334 0.15625 0.8268229166666666 0.1435546875 0.8046875 0.1318359375 0.8098958333333334 0.1103515625 0.7994791666666666 0.10546875 0.8059895833333334 0.1083984375 0.8385416666666666
0 0.0703125 0.8841145833333334 0.0849609375 0.8776041666666666 0.095703125 0.86328125 0.107421875 0.8346354166666666 0.107421875 0.80859375 0.099609375 0.7825520833333334 0.0908203125 0.7708333333333334 0.0771484375 0.7630208333333334 0.0537109375 0.7708333333333334 0.037109375 0.79296875 0.029296875 0.8190104166666666 0.029296875 0.8450520833333334 0.037109375 0.8658854166666666 0.0517578125 0.8828125
0 0.001953125 0.8424479166666666 0.00390625 0.83203125 0.0087890625 0.828125 0.0185546875 0.8385416666666666 0.02734375 0.83203125 0.021484375 0.8111979166666666 0.029296875 0.76953125 0.0205078125 0.765625 0.0009765625 0.7421875
0 0.01953125 0.9986979166666666 0.0263671875 0.9973958333333334 0.041015625 0.9778645833333334 0.044921875 0.9622395833333334 0.0546875 0.9544270833333334 0.056640625 0.94140625 0.05078125 0.9361979166666666 0.044921875 0.9049479166666666 0.03515625 0.88671875 0.0224609375 0.8697916666666666 0.0009765625 0.8567708333333334 0 0.99609375
0 0.08984375 0.9856770833333334 0.09375 0.9700520833333334 0.091796875 0.9388020833333334 0.0791015625 0.9270833333333334 0.0712890625 0.9270833333333334 0.060546875 0.9388020833333334 0.0625 0.9466145833333334 0.05859375 0.9622395833333334 0.0693359375 0.9817708333333334 0.0771484375 0.9869791666666666
0 0.080078125 0.9986979166666666 0.080078125 0.9908854166666666 0.0673828125 0.9791666666666666 0.0498046875 0.9817708333333334 0.037109375 0.99609375 0.0380859375 1
0 0.19140625 0.9986979166666666 0.19140625 0.9778645833333334 0.197265625 0.97265625 0.19921875 0.9622395833333334 0.1923828125 0.953125 0.1728515625 0.9479166666666666 0.1572265625 0.9479166666666666 0.1298828125 0.9583333333333334 0.1181640625 0.9739583333333334 0.109375 0.9778645833333334 0.111328125 0.98828125 0.107421875 0.9934895833333334 0.1103515625 1
0 0.185546875 0.94921875 0.216796875 0.9283854166666666 0.212890625 0.91796875 0.21484375 0.8815104166666666 0.2060546875 0.8645833333333334 0.19140625 0.8528645833333334 0.1953125 0.8372395833333334 0.193359375 0.8268229166666666 0.1845703125 0.8177083333333334 0.1767578125 0.8177083333333334 0.166015625 0.8294270833333334 0.166015625 0.84765625 0.169921875 0.8502604166666666 0.1591796875 0.8541666666666666 0.142578125 0.88671875 0.138671875 0.9205729166666666 0.14453125 0.93359375 0.1591796875 0.9479166666666666
0 0.25 0.9778645833333334 0.2607421875 0.9739583333333334 0.26953125 0.9622395833333334 0.275390625 0.9361979166666666 0.2587890625 0.9114583333333334 0.2392578125 0.90625 0.22265625 0.9205729166666666 0.212890625 0.94921875 0.2294921875 0.9765625
0 0.322265625 0.9986979166666666 0.3134765625 0.984375 0.2861328125 0.9713541666666666 0.2646484375 0.9765625 0.255859375 0.9934895833333334 0.2568359375 1
0 0.41796875 0.9544270833333334 0.431640625 0.94140625 0.4375 0.92578125 0.439453125 0.90234375 0.4296875 0.8815104166666666 0.3974609375 0.8541666666666666 0.3701171875 0.8541666666666666 0.3642578125 0.859375 0.349609375 0.8919270833333334 0.35546875 0.91796875 0.3759765625 0.9427083333333334 0.4013671875 0.953125
0 0.380859375 0.8346354166666666 0.392578125 0.81640625 0.388671875 0.78515625 0.3720703125 0.7630208333333334 0.3447265625 0.7734375 0.33203125 0.7955729166666666 0.3359375 0.8190104166666666 0.3544921875 0.8359375
0 0.443359375 0.7643229166666666 0.46484375 0.74609375 0.474609375 0.7122395833333334 0.470703125 0.6888020833333334 0.4599609375 0.6692708333333334 0.4482421875 0.6588541666666666 0.4306640625 0.65625 0.4150390625 0.6640625 0.396484375 0.6888020833333334 0.390625 0.7044270833333334 0.390625 0.7278645833333334 0.4091796875 0.7630208333333334
0 0.4271213259736283 0.8030211389678273 0.4242249482078119 0.8119259542493235 0.4236505133974327 0.8215471994628653 0.42853320928565586 0.8304606205093109 0.4330657581124961 0.8363448122935321 0.4330657581124961 0.8430013714819712 0.4377112576042986 0.8484896980785153 0.4442365788772576 0.8453378366657608 0.44795104217358583 0.841962225364319 0.4519704722653122 0.8390706883412866 0.4584296367202219 0.8448838825646745 0.467932014805399 0.8433800251397492 0.4697957007772752 0.8355186588583802 0.4697957007772752 0.8241332318301905 0.46571011386749966 0.8079888167849268 0.45979956692812063 0.7957836906452971 0.45266915280714976 0.7873134664937509 0.44739919749619916 0.7873134664937509 0.44092228365108105 0.7814787578579893 0.4320588836134045 0.7814787578579893 0.4268518579586471 0.7887850523001155 0.42756990147162105 0.7955083061669131 0.42994993334046744 0.7994454436313099
0 0.51171875 0.9440104166666666 0.5498046875 0.9348958333333334 0.5634765625 0.9270833333333334 0.56640625 0.91796875 0.5458984375 0.8828125 0.4970703125 0.8411458333333334 0.4736328125 0.8385416666666666 0.4619140625 0.8463541666666666 0.4501953125 0.84375 0.439453125 0.85546875 0.4375 0.8736979166666666 0.443359375 0.8997395833333334 0.4580078125 0.9296875 0.4736328125 0.9401041666666666
0 0.603515625 0.9986979166666666 0.6162109375 0.9973958333333334 0.626953125 0.9778645833333334 0.6328125 0.94921875 0.62890625 0.91796875 0.6064453125 0.8984375 0.5908203125 0.8984375 0.5830078125 0.9036458333333334 0.5732421875 0.8984375 0.5703125 0.9049479166666666 0.57421875 0.91015625 0.556640625 0.94921875 0.5625 0.9596354166666666 0.556640625 0.98046875 0.5615234375 0.9895833333333334 0.5751953125 0.9895833333333334 0.5771484375 0.9973958333333334
0 0.587890625 0.89453125 0.61328125 0.86328125 0.6171875 0.82421875 0.607421875 0.7981770833333334 0.5966796875 0.7838541666666666 0.5712890625 0.7760416666666666 0.546875 0.79296875 0.537109375 0.81640625 0.53515625 0.8450520833333334 0.54296875 0.8684895833333334 0.5537109375 0.8828125 0.5712890625 0.8958333333333334
0 0.53515625 0.7955729166666666 0.5517578125 0.7890625 0.5712890625 0.7708333333333334 0.5810546875 0.7760416666666666 0.58984375 0.7669270833333334 0.58984375 0.7565104166666666 0.58203125 0.74609375 0.587890625 0.7278645833333334 0.5859375 0.70703125 0.5771484375 0.6901041666666666 0.5634765625 0.6796875 0.5419921875 0.6796875 0.5146484375 0.6875 0.50390625 0.6966145833333334 0.48828125 0.7252604166666666 0.501953125 0.7799479166666666 0.5185546875 0.7942708333333334
0 0.482421875 0.65234375 0.4990234375 0.6432291666666666 0.51171875 0.6236979166666666 0.509765625 0.6028645833333334 0.5009765625 0.5911458333333334 0.4892578125 0.5859375 0.4794921875 0.5885416666666666 0.466796875 0.60546875 0.458984375 0.62890625 0.4609375 0.6419270833333334 0.4677734375 0.6510416666666666
0 0.529296875 0.67578125 0.5498046875 0.6614583333333334 0.556640625 0.6471354166666666 0.5498046875 0.625 0.5302734375 0.6145833333333334 0.5205078125 0.6145833333333334 0.505859375 0.6341145833333334 0.505859375 0.6653645833333334 0.5166015625 0.6770833333333334
0 0.583727815632443 0.62109375 0.589587190632443 0.61328125 0.5883406508169594 0.6003790402606924 0.5884293977680011 0.5931695606742481 0.589587190632443 0.5794270833333334 0.585680940632443 0.5690104166666666 0.574938753132443 0.5546875 0.555407503132443 0.5546875 0.544665315632443 0.5716145833333334 0.5472395174181431 0.5818658884130786 0.5437364332233869 0.5897853436078568 0.546618440632443 0.6106770833333334 0.555407503132443 0.6223958333333334
0 0.6640625 0.6549479166666666 0.6767578125 0.6536458333333334 0.6884765625 0.6432291666666666 0.708984375 0.6028645833333334 0.701171875 0.56640625 0.6826171875 0.546875 0.6611328125 0.546875 0.6357421875 0.5572916666666666 0.6240234375 0.5651041666666666 0.611328125 0.5872395833333334 0.626953125 0.62890625 0.6416015625 0.6484375
0 0.68359375 0.9361979166666666 0.6943359375 0.9296875 0.69921875 0.91796875 0.69921875 0.89453125 0.6884765625 0.8723958333333334 0.6669921875 0.8697916666666666 0.6552734375 0.859375 0.634765625 0.87890625 0.634765625 0.89453125 0.64453125 0.9153645833333334 0.6455078125 0.9270833333333334 0.6572265625 0.9244791666666666 0.6708984375 0.9375
0 0.755859375 0.9830729166666666 0.7744140625 0.9739583333333334 0.7958984375 0.9713541666666666 0.80078125 0.96484375 0.798828125 0.95703125 0.806640625 0.9440104166666666 0.806640625 0.93359375 0.7880859375 0.8828125 0.7626953125 0.8880208333333334 0.751953125 0.9049479166666666 0.74609375 0.93359375 0.736328125 0.94921875 0.736328125 0.96484375 0.7421875 0.9778645833333334
0 0.76171875 0.7825520833333334 0.76953125 0.7747395833333334 0.78125 0.7486979166666666 0.783203125 0.73046875 0.7724609375 0.7109375 0.7470703125 0.703125 0.7353515625 0.7109375 0.720703125 0.73046875 0.716796875 0.75390625 0.7333984375 0.7786458333333334
0 0.8359375 0.7200520833333334 0.8486328125 0.7135416666666666 0.857421875 0.7018229166666666 0.859375 0.6705729166666666 0.8447265625 0.6432291666666666 0.8212890625 0.6354166666666666 0.8076171875 0.6432291666666666 0.798828125 0.6575520833333334 0.794921875 0.6888020833333334 0.7998046875 0.7109375 0.8251953125 0.7213541666666666
0 0.85546875 0.85546875 0.87109375 0.83984375 0.876953125 0.8216145833333334 0.876953125 0.8059895833333334 0.861328125 0.77734375 0.8525390625 0.7708333333333334 0.8271484375 0.7734375 0.81640625 0.7955729166666666 0.82421875 0.8424479166666666 0.8349609375 0.8541666666666666
0 0.923828125 0.82421875 0.9365234375 0.8177083333333334 0.951171875 0.7981770833333334 0.95703125 0.76953125 0.955078125 0.74609375 0.9443359375 0.71875 0.9267578125 0.7083333333333334 0.9052734375 0.7083333333333334 0.8896484375 0.71875 0.880859375 0.7330729166666666 0.873046875 0.7565104166666666 0.873046875 0.7877604166666666 0.8876953125 0.8151041666666666 0.8994140625 0.8229166666666666
0 0.978515625 0.73828125 1 0.7200520833333334 1 0.6783854166666666 0.9736328125 0.6692708333333334 0.9580078125 0.671875 0.9443359375 0.6953125 0.9384765625 0.6953125 0.931640625 0.7044270833333334 0.931640625 0.7096354166666666 0.9638671875 0.7369791666666666
0 0.953125 0.9986979166666666 0.9755859375 0.9973958333333334 0.9814453125 0.9921875 0.99609375 0.96484375 0.998046875 0.9388020833333334 0.98828125 0.9153645833333334 0.9794921875 0.90625 0.9580078125 0.8932291666666666 0.9384765625 0.8932291666666666 0.9169921875 0.90625 0.9140625 0.9205729166666666 0.9033203125 0.9244791666666666 0.8984375 0.9361979166666666 0.9033203125 0.9453125 0.912109375 0.94921875 0.91015625 0.9778645833333334 0.9208984375 0.9921875 0.9287109375 0.9973958333333334
0 1 0.9986979166666666 0.9990234375 0.984375 0.9892578125 0.984375 0.978515625 0.99609375 0.9794921875 1
0 0.966796875 0.6627604166666666 0.9775390625 0.65625 0.99609375 0.6236979166666666 0.98828125 0.6028645833333334 0.9775390625 0.5885416666666666 0.9677734375 0.5807291666666666 0.9541015625 0.5807291666666666 0.935546875 0.6002604166666666 0.931640625 0.6341145833333334 0.9375 0.6497395833333334 0.9482421875 0.6614583333333334
0 0.990234375 0.5638020833333334 1 0.5533854166666666 1 0.48046875 0.9853515625 0.4661458333333333 0.9755859375 0.4661458333333333 0.9599609375 0.4895833333333333 0.94921875 0.4934895833333333 0.955078125 0.5013020833333334 0.951171875 0.5403645833333334 0.9716796875 0.5651041666666666
0 0.828125 0.5950520833333334 0.8408203125 0.5911458333333334 0.857421875 0.5690104166666666 0.86328125 0.5533854166666666 0.86328125 0.5247395833333334 0.8515625 0.4986979166666667 0.8388671875 0.4869791666666667 0.8076171875 0.4791666666666667 0.783203125 0.5013020833333334 0.779296875 0.5221354166666666 0.779296875 0.55859375 0.8037109375 0.59375
0 0.666015625 0.3919270833333333 0.6904296875 0.3671875 0.6982421875 0.3671875 0.7080078125 0.359375 0.7109375 0.3424479166666667 0.6962890625 0.3411458333333333 0.69140625 0.3268229166666667 0.6787109375 0.3098958333333333 0.6572265625 0.3020833333333333 0.6328125 0.3216145833333333 0.625 0.35546875 0.6416015625 0.3880208333333333 0.6474609375 0.3932291666666667
0 0.6640625 0.5169270833333334 0.673828125 0.5065104166666666 0.6767578125 0.4869791666666667 0.6884765625 0.4921875 0.7001953125 0.4869791666666667 0.7275390625 0.5078125 0.73828125 0.5013020833333334 0.740234375 0.4856770833333333 0.7333984375 0.4739583333333333 0.703125 0.4674479166666667 0.7216796875 0.4583333333333333 0.732421875 0.4466145833333333 0.736328125 0.3971354166666667 0.708984375 0.35546875 0.7070965648926306 0.36164937756227467 0.702737791180863 0.3613322316805636 0.6953125 0.3684895833333333 0.6748046875 0.3854166666666667 0.6640625 0.3997395833333333 0.66015625 0.4153645833333333 0.6640625 0.4440104166666667 0.6748046875 0.4583333333333333 0.6845703125 0.4609375 0.685546875 0.4674479166666667 0.6767578125 0.4661458333333333 0.6552734375 0.4453125 0.6435546875 0.4479166666666667 0.6328125 0.46484375 0.638671875 0.49609375 0.6552734375 0.515625
0 0.779296875 0.37890625 0.791015625 0.3528645833333333 0.796875 0.31640625 0.7724609375 0.2994791666666667 0.7509765625 0.2942708333333333 0.732421875 0.3190104166666667 0.734375 0.3502604166666667 0.7509765625 0.3723958333333333
0 0.912109375 0.41796875 0.927734375 0.4075520833333333 0.93359375 0.3815104166666667 0.931640625 0.3580729166666667 0.935546875 0.3528645833333333 0.9091796875 0.3333333333333333 0.8837890625 0.3411458333333333 0.87109375 0.3658854166666667 0.8671875 0.4049479166666667 0.8896484375 0.4192708333333333
0 1 0.4674479166666667 1 0.3893229166666667 0.9970703125 0.3880208333333333 0.9873046875 0.3932291666666667 0.982421875 0.40234375 0.982421875 0.4361979166666667 0.994140625 0.46484375
0 0.515625 0.4934895833333333 0.5478515625 0.4739583333333333 0.55859375 0.45703125 0.55859375 0.4466145833333333 0.556640625 0.41796875 0.548828125 0.3997395833333333 0.5361328125 0.3802083333333333 0.5107421875 0.3697916666666667 0.5009765625 0.3880208333333333 0.4892578125 0.3880208333333333 0.486328125 0.3997395833333333 0.47265625 0.4153645833333333 0.466796875 0.4309895833333333 0.466796875 0.46484375 0.4833984375 0.4869791666666667 0.5009765625 0.4947916666666667
0 0.3984375 0.5143229166666666 0.4013671875 0.5078125 0.4072265625 0.5078125 0.4287109375 0.4895833333333333 0.44140625 0.46484375 0.443359375 0.4518229166666667 0.439453125 0.4361979166666667 0.4169921875 0.4140625 0.3974609375 0.4140625 0.3798828125 0.4270833333333333 0.3671875 0.4544270833333333 0.3671875 0.4778645833333333 0.37109375 0.4856770833333333 0.369140625 0.5013020833333334 0.3818359375 0.5026041666666666 0.3916015625 0.515625
0 0.4609375 0.9986979166666666 0.4609375 0.9778645833333334 0.4443359375 0.9609375 0.4306640625 0.9635416666666666 0.419921875 0.9778645833333334 0.4189453125 0.9895833333333334 0.4072265625 0.9791666666666666 0.3837890625 0.9739583333333334 0.3740234375 0.9791666666666666 0.3671875 0.9934895833333334 0.3681640625 1