0 0.25 0.27734375 0.26171875 0.2643229166666667 0.265625 0.2513020833333333 0.265625 0.23307291666666666 0.259765625 0.20963541666666666 0.2705078125 0.20052083333333334 0.279296875 0.18359375 0.267578125 0.15494791666666666 0.28125 0.12630208333333334 0.27734375 0.08203125 0.2529296875 0.046875 0.2275390625 0.026041666666666668 0.2041015625 0.0234375 0.1982421875 0.015625 0.1787109375 0.020833333333333332 0.1328125 0.055989583333333336 0.134765625 0.06901041666666667 0.12109375 0.11067708333333333 0.125 0.14192708333333334 0.1513671875 0.1796875 0.1728515625 0.18489583333333334 0.1845703125 0.19791666666666666 0.2080078125 0.20833333333333334 0.212890625 0.24609375 0.21875 0.2591145833333333 0.2333984375 0.2760416666666667
0 0.404296875 0.44921875 0.4404296875 0.3958333333333333 0.4521484375 0.3932291666666667 0.458984375 0.3841145833333333 0.458984375 0.37109375 0.451171875 0.3606770833333333 0.453125 0.3346354166666667 0.46484375 0.32421875 0.470703125 0.2903645833333333 0.4599609375 0.2734375 0.4423828125 0.2708333333333333 0.4189453125 0.2265625 0.3916015625 0.2109375 0.3818359375 0.2109375 0.3740234375 0.203125 0.3564453125 0.20052083333333334 0.3466796875 0.20833333333333334 0.3310546875 0.203125 0.32421875 0.21223958333333334 0.32421875 0.22265625 0.318359375 0.22786458333333334 0.31640625 0.23828125 0.30078125 0.26171875 0.29296875 0.28515625 0.287109375 0.2903645833333333 0.28515625 0.30859375 0.291015625 0.3216145833333333 0.291015625 0.34765625 0.294921875 0.3502604166666667 0.3046875 0.3815104166666667 0.314453125 0.39453125 0.3125 0.4075520833333333 0.3154296875 0.4140625 0.3310546875 0.4140625 0.3505859375 0.4296875 0.3662109375 0.4348958333333333 0.3740234375 0.4453125
0 0.322265625 0.7877604166666666 0.3447265625 0.78125 0.3701171875 0.7578125 0.3955078125 0.7421875 0.4580078125 0.734375 0.478515625 0.6966145833333334 0.4765625 0.6809895833333334 0.486328125 0.6705729166666666 0.48828125 0.65234375 0.482421875 0.63671875 0.4755859375 0.6328125 0.4658203125 0.6354166666666666 0.4541015625 0.6458333333333334 0.4072265625 0.6458333333333334 0.3818359375 0.640625 0.3544921875 0.6276041666666666 0.3369140625 0.6276041666666666 0.3212890625 0.6302083333333334 0.3173828125 0.640625 0.2666015625 0.6666666666666666 0.25390625 0.69140625 0.255859375 0.7330729166666666 0.2880859375 0.7786458333333334 0.3115234375 0.7890625
0 0.59375 0.8736979166666666 0.6025390625 0.859375 0.6318359375 0.8515625 0.6611328125 0.8333333333333334 0.673828125 0.81640625 0.681640625 0.7877604166666666 0.6796875 0.7408854166666666 0.67578125 0.7278645833333334 0.677734375 0.7096354166666666 0.650390625 0.68359375 0.650390625 0.6575520833333334 0.6376953125 0.6458333333333334 0.6220703125 0.6432291666666666 0.6044921875 0.6692708333333334 0.5771484375 0.6666666666666666 0.5654296875 0.671875 0.5390625 0.7096354166666666 0.5234375 0.75390625 0.52734375 0.7981770833333334 0.55078125 0.8424479166666666 0.5595703125 0.8515625 0.5751953125 0.8541666666666666 0.5869140625 0.875
0 0.759765625 0.9986979166666666 0.7734375 0.99609375 0.779296875 0.9752604166666666 0.78125 0.9466145833333334 0.775390625 0.9075520833333334 0.7578125 0.8658854166666666 0.7451171875 0.8489583333333334 0.7236328125 0.8333333333333334 0.6982421875 0.8229166666666666 0.6826171875 0.8229166666666666 0.654296875 0.8606770833333334 0.6484375 0.8919270833333334 0.6328125 0.9361979166666666 0.638671875 0.9674479166666666 0.638671875 0.9752604166666666 0.634765625 0.9778645833333334 0.63671875 0.9934895833333334 0.6396484375 0.9973958333333334
0 0.955078125 0.6002604166666666 0.9765625 0.5846354166666666 0.994140625 0.5169270833333334 0.994140625 0.4986979166666667 1 0.4830729166666667 1 0.4544270833333333 0.98828125 0.4388020833333333 0.98828125 0.4205729166666667 0.9833984375 0.4140625 0.9736328125 0.4140625 0.9521484375 0.3932291666666667 0.9130859375 0.3802083333333333 0.8896484375 0.3802083333333333 0.8466796875 0.4088541666666667 0.83203125 0.42578125 0.82421875 0.4440104166666667 0.818359375 0.4752604166666667 0.8203125 0.5065104166666666 0.83203125 0.54296875 0.8505859375 0.5677083333333334 0.8779296875 0.5859375 0.9013671875 0.59375
0 0.90625 0.37890625 0.9384765625 0.359375 0.97265625 0.3111979166666667 0.974609375 0.2955729166666667 0.96875 0.2799479166666667 0.96484375 0.24869791666666666 0.94921875 0.21744791666666666 0.9248046875 0.18489583333333334 0.8798828125 0.15885416666666666 0.8505859375 0.15885416666666666 0.8388671875 0.1640625 0.81640625 0.18880208333333334 0.806640625 0.21484375 0.802734375 0.24088541666666666 0.8125 0.28515625 0.826171875 0.32421875 0.8525390625 0.3723958333333333 0.8662109375 0.3723958333333333 0.8798828125 0.3802083333333333
0 0.806640625 0.3528645833333333 0.8203125 0.3424479166666667 0.822265625 0.3138020833333333 0.78515625 0.20703125 0.7705078125 0.19010416666666666 0.7568359375 0.18229166666666666 0.7333984375 0.18229166666666666 0.7216796875 0.19010416666666666 0.71484375 0.20442708333333334 0.71484375 0.23046875 0.724609375 0.2669270833333333 0.740234375 0.30078125 0.7626953125 0.3359375 0.7919921875 0.3541666666666667
0 0.94140625 0.08984375 0.9443359375 0.08333333333333333 0.9599609375 0.08333333333333333 0.970703125 0.06901041666666667 0.990234375 0.01953125 0.9912109375 0 0.861328125 0.0013020833333333333 0.861328125 0.01953125 0.8642578125 0.0234375 0.875 0.022135416666666668 0.87890625 0.04296875 0.8974609375 0.0703125 0.9111328125 0.07291666666666667 0.9287109375 0.08854166666666667
0 0.046875 0.05859375 0.0693359375 0.052083333333333336 0.0830078125 0.041666666666666664 0.095703125 0.01953125 0.099609375 0.0013020833333333333 0 0.0013020833333333333 0 0.032552083333333336 0.0068359375 0.041666666666666664 0.0244140625 0.0546875
0 1 0.9986979166666666 0.9990234375 0.9557291666666666 0.9873046875 0.9661458333333334 0.9716796875 0.9661458333333334 0.9599609375 0.9765625 0.919921875 0.99609375 0.9208984375 1