0 0.111328125 0.08984375 0.1318359375 0.08072916666666667 0.150390625 0.05859375 0.162109375 0.022135416666666668 0.1611328125 0 0 0.0013020833333333333 0 0.037760416666666664 0.0166015625 0.0546875 0.0224609375 0.06770833333333333 0.0400390625 0.07291666666666667 0.0654296875 0.09114583333333333
0 0.076171875 0.3372395833333333 0.0986328125 0.3333333333333333 0.1181640625 0.3229166666666667 0.12890625 0.3111979166666667 0.1328125 0.2955729166666667 0.1416015625 0.2838541666666667 0.1494140625 0.28125 0.1640625 0.2643229166666667 0.16796875 0.22786458333333334 0.15625 0.17057291666666666 0.1279296875 0.125 0.1044921875 0.10416666666666667 0.0712890625 0.09375 0.0205078125 0.09895833333333333 0.0126953125 0.09114583333333333 0.0009765625 0.08854166666666667 0 0.18880208333333334 0.005859375 0.21484375 0.005859375 0.2825520833333333 0.0185546875 0.3125 0.0302734375 0.3151041666666667 0.0654296875 0.3385416666666667
0 0.00390625 0.4544270833333333 0.017578125 0.4283854166666667 0.0390625 0.4075520833333333 0.044921875 0.3841145833333333 0.0234375 0.32421875 0.0009765625 0.2994791666666667 0 0.4544270833333333
0 0.1484375 0.5611979166666666 0.1630859375 0.5442708333333334 0.1787109375 0.5494791666666666 0.1923828125 0.5416666666666666 0.205078125 0.51953125 0.205078125 0.5065104166666666 0.1728515625 0.4947916666666667 0.1318359375 0.4635416666666667 0.1162109375 0.4635416666666667 0.1044921875 0.4713541666666667 0.095703125 0.4908854166666667 0.095703125 0.5091145833333334 0.099609375 0.51953125 0.1103515625 0.53125 0.1259765625 0.5364583333333334 0.1298828125 0.546875
0 0.22265625 0.50390625 0.2744140625 0.4791666666666667 0.291015625 0.45703125 0.3046875 0.4153645833333333 0.30859375 0.3580729166666667 0.291015625 0.3059895833333333 0.2646484375 0.2734375 0.2216796875 0.25 0.1845703125 0.2526041666666667 0.1376953125 0.2890625 0.130859375 0.30078125 0.130859375 0.3971354166666667 0.1484375 0.4700520833333333 0.1552734375 0.4817708333333333 0.1865234375 0.5 0.2041015625 0.5052083333333334
0 0.32421875 0.3190104166666667 0.3427734375 0.3020833333333333 0.357421875 0.2799479166666667 0.37109375 0.23307291666666666 0.373046875 0.20182291666666666 0.3671875 0.19661458333333334 0.359375 0.14973958333333334 0.3408203125 0.13541666666666666 0.3251953125 0.10416666666666667 0.3134765625 0.10416666666666667 0.2822265625 0.11979166666666667 0.26953125 0.13671875 0.255859375 0.16796875 0.25390625 0.19921875 0.255859375 0.23046875 0.263671875 0.2513020833333333 0.265625 0.2721354166666667 0.2939453125 0.3098958333333333
0 0.390625 0.14713541666666666 0.4365234375 0.13541666666666666 0.4580078125 0.11979166666666667 0.48046875 0.09244791666666667 0.484375 0.07682291666666667 0.484375 0.022135416666666668 0.4716796875 0.0026041666666666665 0.3642578125 0 0.349609375 0.01171875 0.328125 0.06380208333333333 0.328125 0.11067708333333333 0.3359375 0.12890625 0.3525390625 0.14583333333333334
0 0.484375 0.4049479166666667 0.5419921875 0.3958333333333333 0.5498046875 0.3802083333333333 0.564453125 0.37109375 0.5859375 0.3216145833333333 0.572265625 0.2799479166666667 0.57421875 0.24609375 0.560546875 0.22005208333333334 0.560546875 0.18880208333333334 0.5458984375 0.16927083333333334 0.5263671875 0.16666666666666666 0.5126953125 0.19791666666666666 0.4736328125 0.21875 0.447265625 0.2565104166666667 0.435546875 0.2877604166666667 0.4296875 0.3294270833333333 0.4296875 0.3606770833333333 0.43359375 0.3736979166666667 0.431640625 0.3919270833333333 0.435546875 0.40234375 0.4404296875 0.40625 0.4580078125 0.40625 0.4658203125 0.4010416666666667
0 0.626953125 0.3216145833333333 0.6455078125 0.3098958333333333 0.658203125 0.2903645833333333 0.654296875 0.24609375 0.6396484375 0.22135416666666666 0.6279296875 0.21354166666666666 0.6123046875 0.2109375 0.5966796875 0.21614583333333334 0.578125 0.24348958333333334 0.572265625 0.2643229166666667 0.572265625 0.2799479166666667 0.578125 0.2981770833333333 0.5927734375 0.3177083333333333 0.6064453125 0.3229166666666667
0 0.689453125 0.29296875 0.7021484375 0.2890625 0.71875 0.2747395833333333 0.70703125 0.2643229166666667 0.70703125 0.24348958333333334 0.6953125 0.23046875 0.6953125 0.22005208333333334 0.685546875 0.19921875 0.6826171875 0.20572916666666666 0.669921875 0.19921875 0.677734375 0.17057291666666666 0.669921875 0.14973958333333334 0.6650390625 0.1484375 0.638671875 0.17317708333333334 0.62890625 0.19140625 0.625 0.21223958333333334 0.6435546875 0.22395833333333334 0.65234375 0.23828125 0.6591796875 0.2890625 0.6728515625 0.2942708333333333
0 0.7265625 0.2721354166666667 0.7333984375 0.265625 0.7451171875 0.2708333333333333 0.7685546875 0.2708333333333333 0.8134765625 0.25 0.84765625 0.20963541666666666 0.861328125 0.18098958333333334 0.861328125 0.15494791666666666 0.865234375 0.14192708333333334 0.86328125 0.09765625 0.84765625 0.061197916666666664 0.81640625 0.01953125 0.8095703125 0 0.7919921875 0 0.7880859375 0.0078125 0.7626953125 0.005208333333333333 0.7392578125 0.013020833333333334 0.7294921875 0.013020833333333334 0.7216796875 0 0.6982421875 0 0.685546875 0.016927083333333332 0.681640625 0.032552083333333336 0.68359375 0.04296875 0.671875 0.05859375 0.658203125 0.09505208333333333 0.669921875 0.15494791666666666 0.677734375 0.16796875 0.6953125 0.22786458333333334 0.70703125 0.24348958333333334 0.705078125 0.26953125 0.7099609375 0.2734375
0 0.927734375 0.24609375 0.9384765625 0.2421875 0.951171875 0.22265625 0.94921875 0.18359375 0.974609375 0.13411458333333334 0.970703125 0.12630208333333334 0.974609375 0.07942708333333333 0.9931640625 0.0859375 1 0.07942708333333333 0.9990234375 0 0.8994140625 0 0.896484375 0.03515625 0.873046875 0.08463541666666667 0.865234375 0.11848958333333333 0.865234375 0.17057291666666666 0.88671875 0.19921875 0.890625 0.22526041666666666 0.9033203125 0.2421875
0 0.822265625 0.5794270833333334 0.8662109375 0.5729166666666666 0.8896484375 0.5598958333333334 0.90625 0.53515625 0.916015625 0.5013020833333334 0.923828125 0.44921875 0.921875 0.36328125 0.912109375 0.32421875 0.8935546875 0.3046875 0.8876953125 0.2916666666666667 0.8349609375 0.2838541666666667 0.8046875 0.30859375 0.79296875 0.3294270833333333 0.78515625 0.3580729166666667 0.779296875 0.3997395833333333 0.779296875 0.4388020833333333 0.78515625 0.48828125 0.79296875 0.52734375 0.8046875 0.55078125 0.80078125 0.5611979166666666 0.802734375 0.5716145833333334 0.8115234375 0.5807291666666666
0 0.71875 0.58984375 0.7373046875 0.5833333333333334 0.763671875 0.55078125 0.779296875 0.49609375 0.77734375 0.4544270833333333 0.76171875 0.4075520833333333 0.7470703125 0.3880208333333333 0.7197265625 0.3723958333333333 0.6806640625 0.3671875 0.6533203125 0.3854166666666667 0.63671875 0.4049479166666667 0.626953125 0.4361979166666667 0.625 0.4700520833333333 0.638671875 0.5299479166666666 0.6494140625 0.5520833333333334 0.6650390625 0.5703125 0.6865234375 0.5859375 0.7021484375 0.5911458333333334
0 0.541015625 0.60546875 0.5634765625 0.59375 0.5859375 0.5611979166666666 0.595703125 0.5169270833333334 0.591796875 0.4778645833333333 0.59765625 0.47265625 0.59765625 0.4596354166666667 0.5927734375 0.4505208333333333 0.5791015625 0.4479166666666667 0.5673828125 0.4322916666666667 0.5400390625 0.4166666666666667 0.5087890625 0.4088541666666667 0.4814453125 0.4140625 0.4609375 0.4361979166666667 0.447265625 0.4778645833333333 0.447265625 0.5091145833333334 0.455078125 0.54296875 0.4775390625 0.5807291666666666 0.5029296875 0.6015625 0.5185546875 0.6067708333333334
0 0.365234375 0.6731770833333334 0.3857421875 0.6640625 0.3984375 0.6471354166666666 0.40234375 0.6341145833333334 0.3984375 0.6002604166666666 0.3916015625 0.5885416666666666 0.3759765625 0.578125 0.3662109375 0.578125 0.3486328125 0.5885416666666666 0.337890625 0.60546875 0.333984375 0.62109375 0.3359375 0.6471354166666666 0.341796875 0.66015625 0.3544921875 0.671875
0 0.474609375 0.7903645833333334 0.4814453125 0.7838541666666666 0.4970703125 0.7838541666666666 0.50390625 0.7747395833333334 0.5078125 0.7591145833333334 0.5234375 0.73046875 0.525390625 0.6966145833333334 0.513671875 0.6315104166666666 0.4853515625 0.609375 0.4677734375 0.6041666666666666 0.4599609375 0.6145833333333334 0.4501953125 0.6145833333333334 0.4306640625 0.6276041666666666 0.4140625 0.6497395833333334 0.40625 0.6809895833333334 0.40625 0.7018229166666666 0.396484375 0.7122395833333334 0.396484375 0.72265625 0.3994140625 0.7291666666666666 0.412109375 0.7330729166666666 0.4150390625 0.7708333333333334 0.4384765625 0.7838541666666666 0.4404296875 0.7890625 0.4501953125 0.78125 0.4580078125 0.78125 0.4677734375 0.7916666666666666
0 0.5234375 0.99609375 0.544921875 0.9700520833333334 0.548828125 0.95703125 0.552734375 0.9283854166666666 0.548828125 0.90234375 0.55078125 0.8841145833333334 0.533203125 0.8424479166666666 0.5126953125 0.8151041666666666 0.4990234375 0.8098958333333334 0.4912109375 0.7890625 0.4873046875 0.7890625 0.4794921875 0.8020833333333334 0.4697265625 0.8020833333333334 0.4619140625 0.7864583333333334 0.4501953125 0.7838541666666666 0.4326171875 0.8072916666666666 0.4150390625 0.8151041666666666 0.392578125 0.83984375 0.380859375 0.8763020833333334 0.37890625 0.9075520833333334 0.400390625 0.9778645833333334 0.4130859375 0.9973958333333334
0 0.265625 0.7044270833333334 0.2939453125 0.6875 0.30078125 0.6783854166666666 0.302734375 0.6549479166666666 0.298828125 0.63671875 0.2890625 0.6158854166666666 0.2724609375 0.5989583333333334 0.2548828125 0.5989583333333334 0.2353515625 0.5911458333333334 0.2177734375 0.5963541666666666 0.2080078125 0.6067708333333334 0.205078125 0.6002604166666666 0.21875 0.5872395833333334 0.2158203125 0.5807291666666666 0.201171875 0.5950520833333334 0.197265625 0.6080729166666666 0.1982421875 0.6197916666666666 0.2021484375 0.6119791666666666 0.205078125 0.61328125 0.205078125 0.62109375 0.197265625 0.62890625 0.197265625 0.66015625 0.2333984375 0.7057291666666666
0 0.205078125 0.99609375 0.224609375 0.9544270833333334 0.220703125 0.9049479166666666 0.208984375 0.8684895833333334 0.193359375 0.8450520833333334 0.189453125 0.8138020833333334 0.1689453125 0.7916666666666666 0.1455078125 0.7838541666666666 0.1318359375 0.7838541666666666 0.0908203125 0.8125 0.056640625 0.84765625 0.037109375 0.9153645833333334 0.021484375 0.93359375 0.013671875 0.9518229166666666 0.01953125 0.97265625 0.0107421875 0.9765625 0.005859375 0.9856770833333334 0.0068359375 0.9973958333333334
0 0.34375 0.99609375 0.376953125 0.9596354166666666 0.375 0.94140625 0.380859375 0.93359375 0.37890625 0.8893229166666666 0.37109375 0.8736979166666666 0.3544921875 0.8567708333333334 0.3349609375 0.8619791666666666 0.3251953125 0.859375 0.2919921875 0.8776041666666666 0.2763671875 0.8776041666666666 0.2333984375 0.90625 0.224609375 0.9205729166666666 0.224609375 0.95703125 0.2109375 0.9908854166666666 0.2119140625 0.9973958333333334
0 0.224609375 0.8658854166666666 0.2587890625 0.8255208333333334 0.2685546875 0.8203125 0.275390625 0.8111979166666666 0.275390625 0.80078125 0.2509765625 0.7630208333333334 0.2080078125 0.7239583333333334 0.1767578125 0.7161458333333334 0.1455078125 0.7291666666666666 0.130859375 0.7591145833333334 0.130859375 0.7825520833333334 0.1689453125 0.7916666666666666 0.189453125 0.8138020833333334 0.193359375 0.8450520833333334 0.2099609375 0.8489583333333334 0.216796875 0.85546875 0.2197265625 0.8671875
0 0.3125 0.8111979166666666 0.333984375 0.7955729166666666 0.337890625 0.7799479166666666 0.3359375 0.7486979166666666 0.3173828125 0.7213541666666666 0.2998046875 0.7135416666666666 0.2841796875 0.7135416666666666 0.259765625 0.7434895833333334 0.2578125 0.7565104166666666 0.263671875 0.77734375 0.2763671875 0.8020833333333334 0.2939453125 0.8125
0 0.6484375 0.9830729166666666 0.7041015625 0.9739583333333334 0.720703125 0.9466145833333334 0.72265625 0.9127604166666666 0.705078125 0.8502604166666666 0.693359375 0.83984375 0.693359375 0.8059895833333334 0.6845703125 0.796875 0.6748046875 0.796875 0.6533203125 0.8151041666666666 0.6064453125 0.8098958333333334 0.5869140625 0.8177083333333334 0.5771484375 0.8020833333333334 0.5654296875 0.7994791666666666 0.5478515625 0.8125 0.5390625 0.8346354166666666 0.5498046875 0.8567708333333334 0.560546875 0.8606770833333334 0.55859375 0.8919270833333334 0.568359375 0.9283854166666666 0.578125 0.9466145833333334 0.6083984375 0.9817708333333334
0 0.8515625 0.87890625 0.8857421875 0.8723958333333334 0.900390625 0.8606770833333334 0.900390625 0.8424479166666666 0.91796875 0.82421875 0.91796875 0.80859375 0.9296875 0.7669270833333334 0.9296875 0.7513020833333334 0.9375 0.7408854166666666 0.9375 0.7278645833333334 0.9267578125 0.7083333333333334 0.9189453125 0.703125 0.9111328125 0.7057291666666666 0.8994140625 0.6770833333333334 0.8720703125 0.6796875 0.8564453125 0.6692708333333334 0.8291015625 0.6692708333333334 0.822265625 0.6653645833333334 0.8203125 0.6471354166666666 0.8154296875 0.640625 0.7998046875 0.6380208333333334 0.7890625 0.6549479166666666 0.7890625 0.6731770833333334 0.779296875 0.68359375 0.78125 0.7018229166666666 0.76953125 0.73046875 0.767578125 0.7669270833333334 0.7578125 0.8033854166666666 0.7578125 0.81640625 0.765625 0.8216145833333334 0.7734375 0.8502604166666666 0.7822265625 0.8645833333333334 0.8115234375 0.8697916666666666 0.8173828125 0.875 0.8251953125 0.8723958333333334 0.8408203125 0.8802083333333334
0 0.875 0.9986979166666666 0.9150390625 0.9973958333333334 0.916015625 0.9856770833333334 0.904296875 0.9544270833333334 0.8681640625 0.9192708333333334 0.8544921875 0.9140625 0.8232421875 0.9192708333333334 0.80859375 0.9388020833333334 0.798828125 0.9622395833333334 0.7978515625 0.9973958333333334
0 1 0.9986979166666666 1 0.9674479166666666 0.9873046875 0.9635416666666666 0.9736328125 0.9635416666666666 0.9482421875 0.9739583333333334 0.93359375 0.99609375 0.9345703125 1