0 0.154296875 0.4127604166666667 0.1611328125 0.4114583333333333 0.1708984375 0.3958333333333333 0.1865234375 0.4036458333333333 0.1982421875 0.3984375 0.2177734375 0.4010416666666667 0.232421875 0.3763020833333333 0.232421875 0.3033854166666667 0.224609375 0.2747395833333333 0.224609375 0.2565104166666667 0.2138671875 0.24479166666666666 0.2041015625 0.25 0.1376953125 0.24739583333333334 0.12109375 0.27734375 0.119140625 0.28515625 0.123046875 0.30078125 0.1015625 0.3111979166666667 0.09765625 0.3502604166666667 0.109375 0.39453125 0.1142578125 0.4010416666666667 0.1318359375 0.4010416666666667
0 0.30078125 0.77734375 0.3154296875 0.7734375 0.3408203125 0.7552083333333334 0.3486328125 0.7552083333333334 0.35546875 0.74609375 0.3828125 0.6705729166666666 0.3828125 0.62890625 0.373046875 0.6080729166666666 0.373046875 0.5872395833333334 0.3642578125 0.5859375 0.3466796875 0.5598958333333334 0.3173828125 0.5390625 0.2958984375 0.5130208333333334 0.2880859375 0.5130208333333334 0.2841796875 0.5208333333333334 0.2705078125 0.5234375 0.2373046875 0.546875 0.2314453125 0.53125 0.2177734375 0.5286458333333334 0.212890625 0.5533854166666666 0.21484375 0.56640625 0.201171875 0.6106770833333334 0.197265625 0.64453125 0.208984375 0.70703125 0.224609375 0.7408854166666666 0.2451171875 0.765625 0.2783203125 0.7786458333333334
0 0.125 0.92578125 0.1318359375 0.9244791666666666 0.1640625 0.8841145833333334 0.185546875 0.8424479166666666 0.193359375 0.8138020833333334 0.193359375 0.7903645833333334 0.189453125 0.7799479166666666 0.1572265625 0.7473958333333334 0.0966796875 0.7239583333333334 0.0419921875 0.7213541666666666 0.0048828125 0.7369791666666666 0 0.7434895833333334 0 0.8528645833333334 0.0224609375 0.8802083333333334 0.0458984375 0.8984375 0.0556640625 0.9166666666666666 0.0634765625 0.9114583333333334 0.0927734375 0.9244791666666666
0 0.41796875 0.9986979166666666 0.3818359375 0.9583333333333334 0.3701171875 0.9609375 0.3447265625 0.9505208333333334 0.3193359375 0.9505208333333334 0.3095703125 0.9453125 0.2783203125 0.9609375 0.263671875 0.9830729166666666 0.2666015625 1
0 0.2421875 0.9778645833333334 0.244140625 0.9518229166666666 0.2412109375 0.9479166666666666 0.208984375 0.94140625 0.2255859375 0.9713541666666666
0 0.515625 0.9986979166666666 0.5380859375 0.9973958333333334 0.5390625 0.9700520833333334 0.533203125 0.9518229166666666 0.5068359375 0.9270833333333334 0.4736328125 0.921875 0.4501953125 0.9401041666666666 0.435546875 0.9596354166666666 0.4375 0.99609375 0.4423828125 1
0 0.4453125 0.7877604166666666 0.4599609375 0.7734375 0.4873046875 0.7604166666666666 0.509765625 0.7278645833333334 0.505859375 0.6966145833333334 0.49609375 0.6731770833333334 0.501953125 0.64453125 0.49609375 0.6263020833333334 0.4873046875 0.6145833333333334 0.4775390625 0.6145833333333334 0.4658203125 0.6328125 0.4560546875 0.6380208333333334 0.4501953125 0.6380208333333334 0.4443359375 0.6302083333333334 0.4248046875 0.6302083333333334 0.4091796875 0.6380208333333334 0.390625 0.66015625 0.37890625 0.6888020833333334 0.37890625 0.7018229166666666 0.390625 0.74609375 0.4208984375 0.7760416666666666
0 0.5078125 0.62109375 0.5146484375 0.6197916666666666 0.5234375 0.60546875 0.5234375 0.5950520833333334 0.515625 0.5768229166666666 0.515625 0.55078125 0.521484375 0.5299479166666666 0.51953125 0.4986979166666667 0.5234375 0.4908854166666667 0.521484375 0.4388020833333333 0.5146484375 0.4270833333333333 0.4951171875 0.4322916666666667 0.4599609375 0.4088541666666667 0.4462890625 0.4088541666666667 0.4296875 0.4309895833333333 0.42578125 0.4544270833333333 0.4169921875 0.4635416666666667 0.4013671875 0.4661458333333333 0.390625 0.4856770833333333 0.38671875 0.52734375 0.39453125 0.5455729166666666 0.396484375 0.56640625 0.4130859375 0.5989583333333334 0.4306640625 0.609375 0.4580078125 0.6119791666666666 0.4638671875 0.6171875 0.4853515625 0.6119791666666666 0.4970703125 0.6223958333333334
0 0.369140625 0.37109375 0.4072265625 0.3463541666666667 0.41796875 0.33203125 0.421875 0.31640625 0.421875 0.28515625 0.4140625 0.2591145833333333 0.3955078125 0.23958333333333334 0.3837890625 0.234375 0.3583984375 0.234375 0.3369140625 0.24739583333333334 0.32421875 0.2643229166666667 0.31640625 0.28515625 0.31640625 0.3294270833333333 0.326171875 0.3606770833333333 0.3447265625 0.3723958333333333
0 0.5 0.3450520833333333 0.50390625 0.33984375 0.501953125 0.3268229166666667 0.4892578125 0.3151041666666667 0.4814453125 0.3151041666666667 0.478515625 0.32421875 0.482421875 0.3346354166666667 0.4912109375 0.3463541666666667
0 0.87890625 0.48046875 0.9208984375 0.4661458333333333 0.951171875 0.4231770833333333 0.951171875 0.3997395833333333 0.955078125 0.38671875 0.9609375 0.3815104166666667 0.951171875 0.3346354166666667 0.9287109375 0.3046875 0.8896484375 0.2760416666666667 0.8486328125 0.2838541666666667 0.8212890625 0.3020833333333333 0.796875 0.33984375 0.787109375 0.37890625 0.791015625 0.4388020833333333 0.8037109375 0.4661458333333333 0.8212890625 0.4765625
0 0.74609375 0.7330729166666666 0.7685546875 0.7135416666666666 0.7900390625 0.703125 0.8056640625 0.6822916666666666 0.81640625 0.6888020833333334 0.8212890625 0.7057291666666666 0.8369140625 0.7005208333333334 0.841796875 0.6888020833333334 0.861328125 0.66796875 0.861328125 0.6575520833333334 0.873046875 0.62109375 0.8671875 0.58203125 0.869140625 0.5638020833333334 0.8662109375 0.5598958333333334 0.8583984375 0.5598958333333334 0.8408203125 0.5390625 0.8330078125 0.5364583333333334 0.8271484375 0.5364583333333334 0.8115234375 0.5546875 0.7900390625 0.5546875 0.7783203125 0.5416666666666666 0.7529296875 0.5442708333333334 0.7392578125 0.5364583333333334 0.7275390625 0.5364583333333334 0.71875 0.5481770833333334 0.7109375 0.5846354166666666 0.69921875 0.59765625 0.697265625 0.6315104166666666 0.705078125 0.6497395833333334 0.720703125 0.6653645833333334 0.71875 0.69140625 0.732421875 0.7252604166666666 0.7373046875 0.7317708333333334
0 0.755859375 0.8346354166666666 0.7724609375 0.828125 0.794921875 0.8033854166666666 0.8046875 0.7747395833333334 0.802734375 0.7486979166666666 0.7841796875 0.7083333333333334 0.7626953125 0.71875 0.7470703125 0.734375 0.7392578125 0.734375 0.73046875 0.72265625 0.720703125 0.6940104166666666 0.7138671875 0.6901041666666666 0.693359375 0.71484375 0.6875 0.7356770833333334 0.689453125 0.76953125 0.685546875 0.77734375 0.7119140625 0.8177083333333334 0.7314453125 0.8307291666666666
0 0.994140625 0.9986979166666666 1 0.99609375 1 0.9283854166666666 0.9619140625 0.9036458333333334 0.9404296875 0.9010416666666666 0.9169921875 0.9192708333333334 0.904296875 0.9361979166666666 0.888671875 0.9700520833333334 0.8896484375 0.9973958333333334
0 0.669921875 0.9986979166666666 0.6611328125 0.9869791666666666 0.626953125 0.9986979166666666
0 0.861328125 0.9986979166666666 0.8544921875 0.9895833333333334 0.8447265625 0.9869791666666666 0.8154296875 0.9869791666666666 0.802734375 0.99609375 0.8037109375 1
0 1 0.3450520833333333 0.9990234375 0.2604166666666667 0.98828125 0.28515625 0.986328125 0.3059895833333333 0.990234375 0.3268229166666667
0 0.822265625 0.5091145833333334 0.826171875 0.49609375 0.8173828125 0.4895833333333333 0.8125 0.50390625 0.8173828125 0.5104166666666666