0 0.123046875 0.33203125 0.1357421875 0.3307291666666667 0.1611328125 0.3151041666666667 0.189453125 0.27734375 0.185546875 0.21744791666666666 0.173828125 0.19140625 0.1513671875 0.1640625 0.1279296875 0.15104166666666666 0.0986328125 0.15625 0.0732421875 0.171875 0.05859375 0.19401041666666666 0.048828125 0.23307291666666666 0.05859375 0.2903645833333333 0.0791015625 0.3177083333333333 0.0947265625 0.328125
0 0.0234375 0.16796875 0.0439453125 0.16145833333333334 0.056640625 0.14453125 0.07421875 0.10026041666666667 0.076171875 0.05859375 0.06640625 0.024739583333333332 0.0458984375 0.0026041666666666665 0.0009765625 0 0 0.16796875
0 0.10546875 0.06640625 0.1181640625 0.059895833333333336 0.1279296875 0.041666666666666664 0.1396484375 0.052083333333333336 0.1787109375 0.059895833333333336 0.2431640625 0.052083333333333336 0.275390625 0.0013020833333333333 0.0830078125 0.0026041666666666665 0.07421875 0.022135416666666668 0.076171875 0.045572916666666664 0.0869140625 0.0625 0.0947265625 0.06770833333333333
0 0.205078125 0.17317708333333334 0.21484375 0.16536458333333334 0.216796875 0.14453125 0.2021484375 0.12760416666666666 0.1904296875 0.13020833333333334 0.18359375 0.14192708333333334 0.181640625 0.15755208333333334 0.1884765625 0.16927083333333334 0.1962890625 0.17447916666666666
0 0.33203125 0.29296875 0.369140625 0.2669270833333333 0.37109375 0.2565104166666667 0.39453125 0.21223958333333334 0.400390625 0.18359375 0.3984375 0.16276041666666666 0.359375 0.07421875 0.3486328125 0.059895833333333336 0.3193359375 0.049479166666666664 0.2919921875 0.046875 0.2783203125 0.052083333333333336 0.2705078125 0.0625 0.2431640625 0.08072916666666667 0.232421875 0.09505208333333333 0.21875 0.13932291666666666 0.220703125 0.20703125 0.228515625 0.23567708333333334 0.2548828125 0.2708333333333333 0.3037109375 0.2942708333333333
0 0.486328125 0.4388020833333333 0.5146484375 0.421875 0.5302734375 0.40625 0.55078125 0.3658854166666667 0.5546875 0.33984375 0.5546875 0.2955729166666667 0.548828125 0.26953125 0.53515625 0.23828125 0.4970703125 0.20052083333333334 0.4873046875 0.19791666666666666 0.4736328125 0.21875 0.4619140625 0.22395833333333334 0.4326171875 0.22135416666666666 0.4189453125 0.20572916666666666 0.4130859375 0.20572916666666666 0.38671875 0.23307291666666666 0.3671875 0.27734375 0.36328125 0.32421875 0.37109375 0.36328125 0.380859375 0.3919270833333333 0.4130859375 0.4244791666666667 0.4208984375 0.4244791666666667 0.4267578125 0.4322916666666667 0.4462890625 0.4401041666666667
0 0.458984375 0.22265625 0.4716796875 0.21875 0.486328125 0.19661458333333334 0.490234375 0.17838541666666666 0.48828125 0.15755208333333334 0.5146484375 0.140625 0.537109375 0.10807291666666667 0.548828125 0.061197916666666664 0.544921875 0.01171875 0.5283203125 0 0.3701171875 0 0.365234375 0.006510416666666667 0.357421875 0.040364583333333336 0.359375 0.07421875 0.373046875 0.10286458333333333 0.3916015625 0.12760416666666666 0.41015625 0.13932291666666666 0.408203125 0.18098958333333334 0.41796875 0.20442708333333334 0.4345703125 0.22135416666666666
0 0.103515625 0.6966145833333334 0.1103515625 0.6901041666666666 0.1259765625 0.6901041666666666 0.1494140625 0.6796875 0.1767578125 0.6536458333333334 0.205078125 0.6080729166666666 0.21875 0.5481770833333334 0.21875 0.4986979166666667 0.212890625 0.4544270833333333 0.19140625 0.4127604166666667 0.1669921875 0.3828125 0.1279296875 0.3515625 0.1025390625 0.3411458333333333 0.0693359375 0.3411458333333333 0.0224609375 0.3541666666666667 0 0.3684895833333333 0 0.6393229166666666 0.0380859375 0.6744791666666666
0 0.197265625 0.41796875 0.20703125 0.3971354166666667 0.208984375 0.3606770833333333 0.201171875 0.3372395833333333 0.1904296875 0.3229166666666667 0.1669921875 0.3098958333333333 0.1396484375 0.3307291666666667 0.1298828125 0.3307291666666667 0.119140625 0.33984375 0.1220703125 0.3489583333333333 0.1435546875 0.359375 0.1689453125 0.3828125
0 0.265625 0.4622395833333333 0.2900390625 0.453125 0.306640625 0.4309895833333333 0.314453125 0.4075520833333333 0.314453125 0.3841145833333333 0.306640625 0.35546875 0.2939453125 0.3385416666666667 0.2724609375 0.3255208333333333 0.2490234375 0.3255208333333333 0.2275390625 0.3359375 0.21875 0.34765625 0.2109375 0.3684895833333333 0.208984375 0.40234375 0.216796875 0.4309895833333333 0.2294921875 0.4479166666666667 0.2548828125 0.4635416666666667
0 0.29296875 0.56640625 0.298828125 0.5169270833333334 0.318359375 0.47265625 0.3134765625 0.4635416666666667 0.2998046875 0.4557291666666667 0.2861328125 0.4557291666666667 0.2685546875 0.4635416666666667 0.25390625 0.48046875 0.24609375 0.5013020833333334 0.248046875 0.5299479166666666 0.263671875 0.5559895833333334 0.2763671875 0.5651041666666666
0 0.41015625 0.7044270833333334 0.4423828125 0.6953125 0.4677734375 0.6770833333333334 0.48828125 0.64453125 0.505859375 0.5846354166666666 0.505859375 0.5533854166666666 0.498046875 0.5169270833333334 0.501953125 0.51953125 0.5078125 0.5013020833333334 0.5078125 0.47265625 0.501953125 0.4544270833333333 0.4912109375 0.4401041666666667 0.4541015625 0.4453125 0.4560546875 0.4557291666666667 0.4404296875 0.4401041666666667 0.4072265625 0.4270833333333333 0.3486328125 0.4296875 0.326171875 0.45703125 0.298828125 0.51953125 0.294921875 0.57421875 0.30078125 0.6106770833333334 0.30859375 0.63671875 0.3369140625 0.6796875 0.3603515625 0.6979166666666666 0.3916015625 0.7057291666666666
0 0.46875 0.7955729166666666 0.4912109375 0.7864583333333334 0.5078125 0.76171875 0.509765625 0.7252604166666666 0.505859375 0.70703125 0.501953125 0.6966145833333334 0.4794921875 0.671875 0.4306640625 0.7005208333333334 0.42578125 0.70703125 0.421875 0.7356770833333334 0.427734375 0.7643229166666666 0.4462890625 0.7916666666666666
0 0.326171875 0.7903645833333334 0.359375 0.7721354166666666 0.380859375 0.7330729166666666 0.38671875 0.70703125 0.3701171875 0.6979166666666666 0.3583984375 0.6979166666666666 0.328125 0.6705729166666666 0.30859375 0.6393229166666666 0.30078125 0.6184895833333334 0.2919921875 0.5729166666666666 0.2626953125 0.5807291666666666 0.234375 0.6106770833333334 0.22265625 0.63671875 0.21875 0.6966145833333334 0.224609375 0.72265625 0.2421875 0.7591145833333334 0.2607421875 0.7786458333333334 0.2978515625 0.78125 0.3173828125 0.7916666666666666
0 0.181640625 0.7643229166666666 0.20703125 0.73828125 0.21875 0.7096354166666666 0.216796875 0.6653645833333334 0.1982421875 0.6276041666666666 0.1533203125 0.6796875 0.1279296875 0.6901041666666666 0.1142578125 0.6901041666666666 0.1025390625 0.7005208333333334 0.09375 0.69921875 0.095703125 0.72265625 0.1005859375 0.7291666666666666 0.1318359375 0.734375 0.1455078125 0.7552083333333334 0.1611328125 0.765625
0 0.103515625 0.6966145833333334 0.1103515625 0.6901041666666666 0.1259765625 0.6901041666666666 0.1572265625 0.6744791666666666 0.189453125 0.63671875 0.20703125 0.60546875 0.216796875 0.5611979166666666 0.220703125 0.51953125 0.212890625 0.4544270833333333 0.19140625 0.4127604166666667 0.1767578125 0.3932291666666667 0.1455078125 0.3619791666666667 0.1279296875 0.3515625 0.1025390625 0.3411458333333333 0.0693359375 0.3411458333333333 0.0224609375 0.3541666666666667 0 0.3684895833333333 0 0.6393229166666666 0.0419921875 0.6770833333333334
0 0.015625 0.99609375 0.0498046875 0.9739583333333334 0.068359375 0.9466145833333334 0.0859375 0.8919270833333334 0.087890625 0.8424479166666666 0.0859375 0.8216145833333334 0.07421875 0.7825520833333334 0.060546875 0.7591145833333334 0.041015625 0.73828125 0.046875 0.7200520833333334 0.04296875 0.6888020833333334 0.0322265625 0.671875 0.0166015625 0.6588541666666666 0.0029296875 0.6588541666666666 0 0.6627604166666666 0 0.99609375
0 0.064453125 0.7434895833333334 0.07421875 0.72265625 0.072265625 0.69921875 0.0595703125 0.6901041666666666 0.0478515625 0.6927083333333334 0.044921875 0.6966145833333334 0.046875 0.7200520833333334 0.04296875 0.73828125 0.0537109375 0.7447916666666666
0 0.134765625 0.9986979166666666 0.140625 0.99609375 0.138671875 0.96484375 0.158203125 0.92578125 0.1337890625 0.9088541666666666 0.0966796875 0.9088541666666666 0.0810546875 0.9140625 0.0703125 0.9466145833333334 0.041015625 0.9908854166666666 0.0458984375 1
0 0.36328125 0.99609375 0.37890625 0.9622395833333334 0.3828125 0.9388020833333334 0.37890625 0.8684895833333334 0.3974609375 0.8619791666666666 0.41015625 0.83984375 0.41015625 0.81640625 0.4013671875 0.7942708333333334 0.3720703125 0.7890625 0.357421875 0.8033854166666666 0.35546875 0.8216145833333334 0.3525390625 0.8229166666666666 0.3310546875 0.7994791666666666 0.3115234375 0.7890625 0.2958984375 0.7838541666666666 0.2431640625 0.7838541666666666 0.2412109375 0.7890625 0.2138671875 0.8020833333333334 0.1982421875 0.8020833333333334 0.1884765625 0.8098958333333334 0.1669921875 0.8125 0.162109375 0.8190104166666666 0.16015625 0.83203125 0.17578125 0.8528645833333334 0.17578125 0.8736979166666666 0.1640625 0.9127604166666666 0.1640625 0.92578125 0.150390625 0.9388020833333334 0.140625 0.9622395833333334 0.140625 0.9934895833333334 0.1435546875 0.9973958333333334
0 0.623046875 0.9986979166666666 0.6552734375 0.9973958333333334 0.6572265625 0.9869791666666666 0.6884765625 0.984375 0.708984375 0.96484375 0.720703125 0.9388020833333334 0.7265625 0.9153645833333334 0.7265625 0.8841145833333334 0.7109375 0.8528645833333334 0.6826171875 0.8255208333333334 0.6572265625 0.8229166666666666 0.6240234375 0.8359375 0.611328125 0.8502604166666666 0.6005859375 0.8776041666666666 0.5927734375 0.8697916666666666 0.5537109375 0.8619791666666666 0.5107421875 0.8776041666666666 0.474609375 0.9153645833333334 0.453125 0.9778645833333334 0.4560546875 0.9973958333333334
0 0.6015625 0.8684895833333334 0.6142578125 0.84375 0.6416015625 0.8255208333333334 0.6845703125 0.8255208333333334 0.6962890625 0.8385416666666666 0.705078125 0.83984375 0.689453125 0.7799479166666666 0.689453125 0.7486979166666666 0.685546875 0.7408854166666666 0.69140625 0.7018229166666666 0.68359375 0.69921875 0.697265625 0.6705729166666666 0.697265625 0.6497395833333334 0.69140625 0.6315104166666666 0.6787109375 0.6171875 0.6533203125 0.6119791666666666 0.6416015625 0.6197916666666666 0.623046875 0.65234375 0.623046875 0.6731770833333334 0.6044921875 0.6770833333333334 0.5810546875 0.6979166666666666 0.55859375 0.7434895833333334 0.552734375 0.7877604166666666 0.560546875 0.8190104166666666 0.5791015625 0.8567708333333334 0.5908203125 0.8671875
0 0.896484375 0.9908854166666666 0.9423828125 0.9791666666666666 0.9736328125 0.9557291666666666 1 0.9283854166666666 1 0.6158854166666666 0.9814453125 0.5885416666666666 0.9599609375 0.5677083333333334 0.9404296875 0.5546875 0.9013671875 0.5390625 0.8720703125 0.5364583333333334 0.8388671875 0.5520833333333334 0.7919921875 0.5546875 0.7529296875 0.5807291666666666 0.7373046875 0.5989583333333334 0.71875 0.6263020833333334 0.705078125 0.6575520833333334 0.689453125 0.73046875 0.69140625 0.7799479166666666 0.697265625 0.8059895833333334 0.708984375 0.8424479166666666 0.736328125 0.8971354166666666 0.7841796875 0.9557291666666666 0.8193359375 0.9765625 0.8583984375 0.9921875
0 0.82421875 0.55078125 0.8505859375 0.5442708333333334 0.8740234375 0.53125 0.8974609375 0.5104166666666666 0.923828125 0.47265625 0.943359375 0.42578125 0.94921875 0.3971354166666667 0.947265625 0.3138020833333333 0.939453125 0.2825520833333333 0.9296875 0.26171875 0.9140625 0.23567708333333334 0.8798828125 0.1953125 0.8505859375 0.17447916666666666 0.8173828125 0.1640625 0.7646484375 0.1640625 0.7275390625 0.1796875 0.6962890625 0.20572916666666666 0.6640625 0.2591145833333333 0.650390625 0.3111979166666667 0.6484375 0.3763020833333333 0.65234375 0.40234375 0.666015625 0.44140625 0.68359375 0.4752604166666667 0.7197265625 0.5182291666666666 0.7646484375 0.546875 0.7900390625 0.5520833333333334
0 0.5703125 0.2591145833333333 0.5869140625 0.25 0.595703125 0.23567708333333334 0.595703125 0.18880208333333334 0.5908203125 0.1796875 0.5791015625 0.171875 0.5517578125 0.171875 0.533203125 0.19401041666666666 0.529296875 0.21223958333333334 0.53515625 0.23567708333333334 0.5439453125 0.25 0.5576171875 0.2604166666666667
0 0.658203125 0.46484375 0.6689453125 0.4635416666666667 0.671875 0.4544270833333333 0.65234375 0.4075520833333333 0.65234375 0.3893229166666667 0.6484375 0.3815104166666667 0.6484375 0.3190104166666667 0.654296875 0.2825520833333333 0.67578125 0.23046875 0.6669921875 0.22395833333333334 0.6337890625 0.22135416666666666 0.6201171875 0.19270833333333334 0.6064453125 0.19270833333333334 0.595703125 0.20442708333333334 0.59375 0.21744791666666666 0.595703125 0.22526041666666666 0.607421875 0.23567708333333334 0.5947265625 0.2421875 0.5712890625 0.2682291666666667 0.560546875 0.29296875 0.5546875 0.3606770833333333 0.568359375 0.4075520833333333 0.5927734375 0.4401041666666667 0.6240234375 0.4635416666666667
0 0.6015625 0.67578125 0.6162109375 0.6692708333333334 0.6328125 0.62890625 0.66015625 0.60546875 0.6640625 0.5872395833333334 0.658203125 0.55859375 0.66015625 0.51171875 0.65234375 0.4934895833333333 0.6259765625 0.4661458333333333 0.6064453125 0.453125 0.5791015625 0.4505208333333333 0.5498046875 0.4661458333333333 0.525390625 0.5065104166666666 0.517578125 0.5325520833333334 0.515625 0.5846354166666666 0.5234375 0.6158854166666666 0.5458984375 0.6510416666666666 0.5732421875 0.6692708333333334
0 0.716796875 0.62109375 0.7529296875 0.578125 0.767578125 0.5690104166666666 0.765625 0.55078125 0.7236328125 0.5234375 0.6962890625 0.4947916666666667 0.6728515625 0.5026041666666666 0.658203125 0.52734375 0.66015625 0.56640625 0.6806640625 0.6041666666666666
0 0.681640625 0.22526041666666666 0.6943359375 0.20572916666666666 0.7138671875 0.1875 0.7607421875 0.1640625 0.8115234375 0.16145833333333334 0.8408203125 0.171875 0.8447265625 0.16927083333333334 0.849609375 0.13151041666666666 0.84765625 0.11328125 0.83984375 0.10546875 0.8525390625 0.09635416666666667 0.87109375 0.06380208333333333 0.87109375 0.045572916666666664 0.859375 0.014322916666666666 0.8505859375 0.0026041666666666665 0.8427734375 0 0.8154296875 0 0.796875 0.016927083333333332 0.7900390625 0.041666666666666664 0.7900390625 0.015625 0.7666015625 0.0026041666666666665 0.7412109375 0.0026041666666666665 0.7001953125 0.028645833333333332 0.6787109375 0.033854166666666664 0.65234375 0.07942708333333333 0.646484375 0.11067708333333333 0.646484375 0.15234375 0.658203125 0.19401041666666666 0.671875 0.22005208333333334 0.6767578125 0.2265625
0 1 0.19140625 1 0.0013020833333333333 0.8583984375 0 0.857421875 0.009114583333333334 0.869140625 0.040364583333333336 0.896484375 0.09505208333333333 0.9365234375 0.1484375 0.9794921875 0.18489583333333334
0 0.919921875 0.23046875 0.9296875 0.21744791666666666 0.93359375 0.19401041666666666 0.92578125 0.16536458333333334 0.9013671875 0.14322916666666666 0.8798828125 0.140625 0.8701171875 0.1484375 0.861328125 0.16276041666666666 0.859375 0.17578125 0.8681640625 0.1875 0.8876953125 0.20052083333333334 0.9072265625 0.2265625 0.9130859375 0.23177083333333334
0 1 0.2721354166666667 1 0.19401041666666666 0.9814453125 0.1875 0.9697265625 0.17447916666666666 0.9638671875 0.17447916666666666 0.9609375 0.20703125 0.970703125 0.23828125
0 1 0.6028645833333334 0.9990234375 0.3098958333333333 0.970703125 0.3424479166666667 0.953125 0.3815104166666667 0.943359375 0.4283854166666667 0.94140625 0.4674479166666667 0.943359375 0.49609375 0.9609375 0.5481770833333334 0.9765625 0.5768229166666666 0.9970703125 0.6041666666666666
0 0.94921875 0.3059895833333333 0.9609375 0.28515625 0.962890625 0.2591145833333333 0.94921875 0.22526041666666666 0.9326171875 0.21354166666666666 0.9140625 0.23567708333333334 0.9296875 0.2591145833333333 0.9453125 0.3059895833333333
0 0.611328125 0.040364583333333336 0.6142578125 0.036458333333333336 0.6591796875 0.0390625 0.6982421875 0.028645833333333332 0.73828125 0.0013020833333333333 0.53515625 0.0013020833333333333 0.5576171875 0.018229166666666668
0 0.001953125 0.3346354166666667 0.009765625 0.2955729166666667 0.0078125 0.23046875 0.017578125 0.21223958333333334 0.01953125 0.19140625 0.0126953125 0.17708333333333334 0.0009765625 0.16927083333333334