0 0.115234375 0.99609375 0.1328125 0.9544270833333334 0.15234375 0.9309895833333334 0.150390625 0.9075520833333334 0.140625 0.8815104166666666 0.1162109375 0.8515625 0.0927734375 0.8385416666666666 0.0595703125 0.8385416666666666 0.0439453125 0.8489583333333334 0.01953125 0.8815104166666666 0.0078125 0.9231770833333334 0.009765625 0.9544270833333334 0.01953125 0.9856770833333334 0.0263671875 0.9973958333333334
0 0.166015625 0.8606770833333334 0.1982421875 0.8489583333333334 0.22265625 0.82421875 0.24609375 0.7643229166666666 0.248046875 0.7044270833333334 0.234375 0.6575520833333334 0.2119140625 0.6276041666666666 0.1865234375 0.6067708333333334 0.1337890625 0.5963541666666666 0.1083984375 0.609375 0.076171875 0.64453125 0.060546875 0.69140625 0.05859375 0.7565104166666666 0.0625 0.7825520833333334 0.0908203125 0.828125 0.1103515625 0.8463541666666666 0.1298828125 0.8567708333333334
0 0.00390625 0.8190104166666666 0.0341796875 0.7890625 0.048828125 0.7669270833333334 0.056640625 0.7408854166666666 0.05859375 0.70703125 0.052734375 0.6888020833333334 0.033203125 0.6575520833333334 0.0224609375 0.6432291666666666 0.0009765625 0.6302083333333334 0 0.8190104166666666
0 0.140625 0.5611979166666666 0.1806640625 0.546875 0.2001953125 0.5338541666666666 0.220703125 0.5091145833333334 0.244140625 0.4466145833333333 0.2421875 0.3841145833333333 0.236328125 0.3580729166666667 0.22265625 0.3268229166666667 0.1845703125 0.2838541666666667 0.1435546875 0.265625 0.0927734375 0.2682291666666667 0.0595703125 0.2916666666666667 0.03125 0.3268229166666667 0.013671875 0.37109375 0.01171875 0.4283854166666667 0.03125 0.4934895833333333 0.0576171875 0.53125 0.0947265625 0.5572916666666666 0.1123046875 0.5625
0 0.32421875 0.6966145833333334 0.3466796875 0.671875 0.365234375 0.6419270833333334 0.373046875 0.61328125 0.369140625 0.6028645833333334 0.373046875 0.58203125 0.3603515625 0.5755208333333334 0.3515625 0.55859375 0.3330078125 0.5390625 0.3134765625 0.5286458333333334 0.2880859375 0.5234375 0.2568359375 0.546875 0.2421875 0.5716145833333334 0.236328125 0.5924479166666666 0.240234375 0.63671875 0.248046875 0.6575520833333334 0.265625 0.6809895833333334 0.2646484375 0.6848958333333334 0.2763671875 0.6875 0.2841796875 0.6953125 0.3154296875 0.6927083333333334
0 0.48828125 0.8919270833333334 0.4990234375 0.8776041666666666 0.51171875 0.87109375 0.515625 0.83984375 0.509765625 0.8216145833333334 0.4931640625 0.8020833333333334 0.4716796875 0.8020833333333334 0.4619140625 0.8098958333333334 0.451171875 0.8294270833333334 0.451171875 0.86328125 0.4658203125 0.8854166666666666 0.4794921875 0.8932291666666666
0 0.48828125 0.8919270833333334 0.4990234375 0.8776041666666666 0.51171875 0.87109375 0.515625 0.8580729166666666 0.513671875 0.8294270833333334 0.4931640625 0.8020833333333334 0.4736328125 0.8020833333333334 0.4619140625 0.7916666666666666 0.4443359375 0.7942708333333334 0.435546875 0.8059895833333334 0.443359375 0.8294270833333334 0.4453125 0.8528645833333334 0.4658203125 0.8854166666666666 0.4775390625 0.8932291666666666
0 0.654296875 0.9986979166666666 0.6640625 0.99609375 0.66015625 0.9700520833333334 0.650390625 0.9466145833333334 0.6220703125 0.9088541666666666 0.5830078125 0.8854166666666666 0.5146484375 0.8723958333333334 0.5009765625 0.8776041666666666 0.4677734375 0.9114583333333334 0.4453125 0.94140625 0.4296875 0.9778645833333334 0.41796875 0.9908854166666666 0.4189453125 0.9973958333333334 0.4404296875 1
0 0.595703125 0.8841145833333334 0.6201171875 0.8697916666666666 0.638671875 0.83984375 0.642578125 0.8216145833333334 0.640625 0.7799479166666666 0.630859375 0.75390625 0.6142578125 0.734375 0.5947265625 0.7239583333333334 0.5634765625 0.7239583333333334 0.5400390625 0.7395833333333334 0.525390625 0.76171875 0.515625 0.7955729166666666 0.517578125 0.8268229166666666 0.52734375 0.8528645833333334 0.5439453125 0.875 0.5830078125 0.8854166666666666
0 0.97265625 0.99609375 0.978515625 0.98046875 0.984375 0.9231770833333334 0.978515625 0.8893229166666666 0.966796875 0.8606770833333334 0.970703125 0.8294270833333334 0.9638671875 0.8177083333333334 0.9443359375 0.8098958333333334 0.9384765625 0.796875 0.9169921875 0.7760416666666666 0.8544921875 0.7369791666666666 0.8095703125 0.7369791666666666 0.7822265625 0.7109375 0.7314453125 0.7135416666666666 0.7158203125 0.7265625 0.697265625 0.7565104166666666 0.685546875 0.7903645833333334 0.68359375 0.8268229166666666 0.6875 0.8528645833333334 0.6953125 0.8736979166666666 0.701171875 0.9205729166666666 0.7255859375 0.9973958333333334
0 0.970703125 0.7591145833333334 0.9853515625 0.7578125 1 0.74609375 1 0.46484375 0.9892578125 0.4583333333333333 0.9814453125 0.4583333333333333 0.9658203125 0.4869791666666667 0.9462890625 0.4947916666666667 0.9228515625 0.5130208333333334 0.9052734375 0.5130208333333334 0.8740234375 0.4921875 0.8642578125 0.4973958333333333 0.841796875 0.55078125 0.8359375 0.5768229166666666 0.8359375 0.62109375 0.8154296875 0.609375 0.8017578125 0.6145833333333334 0.791015625 0.6315104166666666 0.79296875 0.65234375 0.8037109375 0.6692708333333334 0.8154296875 0.6744791666666666 0.8447265625 0.671875 0.8642578125 0.7083333333333334 0.9013671875 0.7447916666666666 0.9423828125 0.7604166666666666
0 0.775390625 0.6653645833333334 0.79296875 0.65234375 0.791015625 0.6315104166666666 0.80859375 0.6106770833333334 0.80859375 0.5872395833333334 0.8046875 0.57421875 0.7822265625 0.5494791666666666 0.7470703125 0.5494791666666666 0.7333984375 0.5598958333333334 0.716796875 0.5846354166666666 0.71484375 0.6028645833333334 0.71875 0.6315104166666666 0.724609375 0.64453125 0.7431640625 0.6640625
0 0.498046875 0.7747395833333334 0.5126953125 0.7682291666666666 0.525390625 0.75390625 0.533203125 0.7330729166666666 0.533203125 0.70703125 0.529296875 0.69140625 0.5185546875 0.6770833333333334 0.4970703125 0.6666666666666666 0.4775390625 0.6666666666666666 0.455078125 0.69140625 0.451171875 0.7252604166666666 0.45703125 0.74609375 0.4658203125 0.7604166666666666 0.4775390625 0.7708333333333334
0 0.5625 0.6393229166666666 0.5830078125 0.6354166666666666 0.6064453125 0.6119791666666666 0.6259765625 0.625 0.6357421875 0.625 0.6455078125 0.6197916666666666 0.658203125 0.59765625 0.65625 0.5768229166666666 0.6435546875 0.5598958333333334 0.6318359375 0.5572916666666666 0.62109375 0.5638020833333334 0.6171875 0.5247395833333334 0.5986328125 0.4921875 0.5751953125 0.4739583333333333 0.5634765625 0.4713541666666667 0.556640625 0.4440104166666667 0.5517578125 0.4375 0.5400390625 0.4375 0.4775390625 0.5 0.4658203125 0.5 0.4541015625 0.4895833333333333 0.4453125 0.49609375 0.439453125 0.5247395833333334 0.439453125 0.5638020833333334 0.443359375 0.58203125 0.4697265625 0.6223958333333334 0.4873046875 0.6328125 0.5146484375 0.6197916666666666 0.5361328125 0.6354166666666666
0 0.1796875 0.6002604166666666 0.19140625 0.5716145833333334 0.1728515625 0.5494791666666666 0.15234375 0.5690104166666666 0.15234375 0.58203125 0.154296875 0.58984375 0.1669921875 0.6015625
0 0.001953125 0.59765625 0.021484375 0.5690104166666666 0.03515625 0.51953125 0.03515625 0.50390625 0.025390625 0.4856770833333333 0.017578125 0.4544270833333333 0.0029296875 0.4322916666666667 0 0.43359375
0 0.0234375 0.3268229166666667 0.03515625 0.3190104166666667 0.06640625 0.2747395833333333 0.07421875 0.2565104166666667 0.08203125 0.23307291666666666 0.083984375 0.17838541666666666 0.078125 0.14973958333333334 0.064453125 0.11588541666666667 0.04296875 0.08463541666666667 0.03515625 0.03515625 0.0166015625 0.018229166666666668 0.0029296875 0.015625 0 0.01953125 0 0.32421875
0 0.1875 0.2747395833333333 0.2158203125 0.2682291666666667 0.2412109375 0.25 0.25 0.23828125 0.263671875 0.19661458333333334 0.263671875 0.14713541666666666 0.255859375 0.11848958333333333 0.248046875 0.10546875 0.2138671875 0.0703125 0.1943359375 0.06510416666666667 0.1396484375 0.0703125 0.130859375 0.07942708333333333 0.107421875 0.12369791666666667 0.1015625 0.14713541666666666 0.099609375 0.18619791666666666 0.109375 0.21744791666666666 0.1357421875 0.2552083333333333 0.1494140625 0.265625
0 0.11328125 0.10807291666666667 0.134765625 0.07161458333333333 0.138671875 0.055989583333333336 0.130859375 0.040364583333333336 0.125 0.014322916666666666 0.1142578125 0.005208333333333333 0.1044921875 0.018229166666666668 0.0947265625 0.020833333333333332 0.0751953125 0.015625 0.0556640625 0.0234375 0.048828125 0.040364583333333336 0.0546875 0.08463541666666667 0.0810546875 0.109375
0 0.1640625 0.06640625 0.1826171875 0.0625 0.19921875 0.040364583333333336 0.201171875 0.00390625 0.1982421875 0 0.1318359375 0 0.12890625 0.00390625 0.126953125 0.022135416666666668 0.1328125 0.04296875 0.1513671875 0.06510416666666667
0 0.416015625 0.20963541666666666 0.4345703125 0.203125 0.4501953125 0.1796875 0.517578125 0.10546875 0.52734375 0.06901041666666667 0.52734375 0.024739583333333332 0.5185546875 0 0.3134765625 0 0.3056640625 0.0078125 0.2998046875 0 0.2685546875 0 0.26171875 0.006510416666666667 0.248046875 0.03515625 0.24609375 0.05859375 0.251953125 0.08203125 0.2626953125 0.09635416666666667 0.2763671875 0.10677083333333333 0.2978515625 0.10677083333333333 0.3037109375 0.1171875 0.3095703125 0.1171875 0.3125 0.10286458333333333 0.3173828125 0.09895833333333333 0.349609375 0.15234375 0.3642578125 0.18489583333333334 0.3837890625 0.20052083333333334
0 0.505859375 0.31640625 0.5146484375 0.3098958333333333 0.5185546875 0.2994791666666667 0.5478515625 0.3072916666666667 0.5712890625 0.2916666666666667 0.591796875 0.23828125 0.59375 0.22526041666666666 0.587890625 0.17578125 0.5556640625 0.13020833333333334 0.5380859375 0.11979166666666667 0.5185546875 0.1171875 0.5009765625 0.12760416666666666 0.46484375 0.16796875 0.458984375 0.19140625 0.462890625 0.23567708333333334 0.4765625 0.2643229166666667 0.4765625 0.3059895833333333 0.4912109375 0.3177083333333333
0 0.54296875 0.4309895833333333 0.5576171875 0.4244791666666667 0.578125 0.3997395833333333 0.580078125 0.3528645833333333 0.5556640625 0.3203125 0.5244140625 0.3125 0.49609375 0.3346354166666667 0.48828125 0.36328125 0.490234375 0.3919270833333333 0.49609375 0.4075520833333333 0.5146484375 0.4270833333333333 0.5283203125 0.4322916666666667
0 0.640625 0.41015625 0.6572265625 0.4010416666666667 0.669921875 0.3815104166666667 0.673828125 0.3658854166666667 0.671875 0.33203125 0.66015625 0.3059895833333333 0.6494140625 0.296875 0.6337890625 0.2916666666666667 0.6083984375 0.2942708333333333 0.591796875 0.3111979166666667 0.58203125 0.33203125 0.58203125 0.37109375 0.6044921875 0.4010416666666667 0.6220703125 0.4114583333333333
0 0.693359375 0.57421875 0.716796875 0.5533854166666666 0.734375 0.5143229166666666 0.736328125 0.4830729166666667 0.73046875 0.44921875 0.7041015625 0.4140625 0.6767578125 0.4010416666666667 0.6201171875 0.4166666666666667 0.611328125 0.4778645833333333 0.62109375 0.51953125 0.6328125 0.5481770833333334 0.6494140625 0.5651041666666666 0.6591796875 0.5677083333333334 0.6630859375 0.5755208333333334
0 0.919921875 0.5091145833333334 0.9658203125 0.4817708333333333 0.98046875 0.4518229166666667 1 0.4283854166666667 0.9990234375 0.078125 0.9482421875 0.109375 0.9052734375 0.10416666666666667 0.8876953125 0.0859375 0.8466796875 0.1015625 0.8154296875 0.10416666666666667 0.8095703125 0.11458333333333333 0.7890625 0.12630208333333334 0.78125 0.14453125 0.76953125 0.19661458333333334 0.775390625 0.21484375 0.76953125 0.22526041666666666 0.763671875 0.2643229166666667 0.763671875 0.27734375 0.76953125 0.27734375 0.765625 0.2825520833333333 0.767578125 0.3450520833333333 0.783203125 0.4049479166666667 0.7900390625 0.4166666666666667 0.8173828125 0.4348958333333333 0.8369140625 0.4348958333333333 0.83984375 0.4283854166666667 0.8359375 0.4231770833333333 0.8427734375 0.421875 0.84375 0.4361979166666667 0.853515625 0.4466145833333333 0.8701171875 0.4869791666666667 0.9013671875 0.5078125
0 0.80859375 0.55078125 0.8310546875 0.5442708333333334 0.85546875 0.5169270833333334 0.857421875 0.5013020833333334 0.86328125 0.4934895833333333 0.859375 0.4674479166666667 0.8408203125 0.4348958333333333 0.8193359375 0.4375 0.7900390625 0.4166666666666667 0.7783203125 0.3932291666666667 0.7685546875 0.3932291666666667 0.744140625 0.43359375 0.736328125 0.4622395833333333 0.736328125 0.4856770833333333 0.7646484375 0.5364583333333334 0.7880859375 0.5494791666666666
0 0.830078125 0.6080729166666666 0.8359375 0.59765625 0.8359375 0.57421875 0.83984375 0.5611979166666666 0.8369140625 0.5442708333333334 0.8134765625 0.5494791666666666 0.8046875 0.55859375 0.80859375 0.5846354166666666 0.818359375 0.5924479166666666 0.818359375 0.6028645833333334 0.8232421875 0.609375
0 0.7265625 0.40234375 0.7373046875 0.3984375 0.751953125 0.3815104166666667 0.759765625 0.35546875 0.759765625 0.3424479166666667 0.75390625 0.3216145833333333 0.7392578125 0.3046875 0.7138671875 0.2942708333333333 0.6943359375 0.3046875 0.681640625 0.3216145833333333 0.67578125 0.33984375 0.677734375 0.3658854166666667 0.6943359375 0.3958333333333333 0.7099609375 0.4036458333333333
0 0.740234375 0.30078125 0.75 0.2903645833333333 0.75 0.2799479166666667 0.7392578125 0.2708333333333333 0.7275390625 0.2734375 0.724609375 0.2955729166666667 0.7333984375 0.3020833333333333
0 0.669921875 0.23828125 0.6904296875 0.23177083333333334 0.701171875 0.21744791666666666 0.708984375 0.16536458333333334 0.740234375 0.08984375 0.74609375 0.053385416666666664 0.73828125 0.00390625 0.7353515625 0 0.5478515625 0 0.5390625 0.03515625 0.5390625 0.07421875 0.552734375 0.12369791666666667 0.5849609375 0.16666666666666666 0.5908203125 0.16666666666666666 0.5986328125 0.17708333333333334 0.6279296875 0.1953125 0.6513671875 0.23177083333333334 0.6630859375 0.23958333333333334
0 0.765625 0.20703125 0.76953125 0.17317708333333334 0.78515625 0.12630208333333334 0.8134765625 0.1015625 0.845703125 0.09505208333333333 0.8330078125 0.07291666666666667 0.8076171875 0.0546875 0.7685546875 0.0625 0.736328125 0.10286458333333333 0.732421875 0.12109375 0.732421875 0.15234375 0.736328125 0.16796875 0.751953125 0.19661458333333334
0 0.7890625 0.055989583333333336 0.8037109375 0.0546875 0.8193359375 0.044270833333333336 0.830078125 0.024739583333333332 0.83203125 0.0013020833333333333 0.73828125 0.0013020833333333333 0.7421875 0.02734375 0.7587890625 0.049479166666666664 0.7705078125 0.057291666666666664
0 0.9453125 0.10546875 1 0.07161458333333333 0.9990234375 0 0.84375 0.0013020833333333333 0.8671875 0.04296875 0.8857421875 0.06510416666666667 0.9150390625 0.09114583333333333 0.9384765625 0.10677083333333333
0 0.228515625 0.9986979166666666 0.2783203125 0.9973958333333334 0.279296875 0.9934895833333334 0.267578125 0.9622395833333334 0.23046875 0.92578125 0.232421875 0.90234375 0.2197265625 0.890625 0.2138671875 0.8776041666666666 0.2099609375 0.8776041666666666 0.197265625 0.8971354166666666 0.1923828125 0.9192708333333334 0.1591796875 0.9192708333333334 0.1328125 0.9544270833333334 0.1171875 0.9934895833333334 0.1240234375 1
0 0.390625 0.5377604166666666 0.4130859375 0.5286458333333334 0.4384765625 0.5052083333333334 0.466796875 0.4544270833333333 0.474609375 0.4075520833333333 0.474609375 0.3815104166666667 0.46875 0.3528645833333333 0.447265625 0.3033854166666667 0.4248046875 0.2786458333333333 0.3916015625 0.2578125 0.3486328125 0.2552083333333333 0.3310546875 0.2604166666666667 0.2861328125 0.2916666666666667 0.267578125 0.32421875 0.259765625 0.3528645833333333 0.251953125 0.3658854166666667 0.255859375 0.3763020833333333 0.2578125 0.4283854166666667 0.271484375 0.48046875 0.3017578125 0.5130208333333334 0.3447265625 0.5390625
0 1 0.9544270833333334 1 0.8190104166666666 0.9931640625 0.8177083333333334 0.978515625 0.8346354166666666 0.96875 0.8606770833333334 0.984375 0.91015625 0.984375 0.9518229166666666 0.9873046875 0.9557291666666666
0 0.3671875 0.99609375 0.3974609375 0.9817708333333334 0.419921875 0.9544270833333334 0.4375 0.91796875 0.443359375 0.89453125 0.4453125 0.84765625 0.4375 0.8059895833333334 0.42578125 0.78515625 0.4267578125 0.7786458333333334 0.435546875 0.7747395833333334 0.4375 0.7643229166666666 0.4345703125 0.7578125 0.4267578125 0.7552083333333334 0.4169921875 0.7682291666666666 0.408203125 0.7513020833333334 0.3857421875 0.7265625 0.3583984375 0.7265625 0.3388671875 0.7213541666666666 0.3349609375 0.7135416666666666 0.3291015625 0.7135416666666666 0.3232421875 0.7213541666666666 0.2998046875 0.7265625 0.2763671875 0.7421875 0.251953125 0.7747395833333334 0.232421875 0.8268229166666666 0.232421875 0.87109375 0.228515625 0.87890625 0.251953125 0.94140625 0.2880859375 0.984375 0.3193359375 0.9973958333333334
0 0.037109375 0.02734375 0.0732421875 0.015625 0.0966796875 0.020833333333333332 0.1064453125 0.015625 0.11328125 0.0013020833333333333 0 0.0013020833333333333 0.0009765625 0.015625 0.0126953125 0.015625 0.0302734375 0.028645833333333332