0 0.08203125 0.21484375 0.1064453125 0.2109375 0.1337890625 0.19791666666666666 0.1923828125 0.15104166666666666 0.22265625 0.11067708333333333 0.251953125 0.05078125 0.267578125 0.037760416666666664 0.265625 0.0013020833333333333 0.0009765625 0 0 0.20703125 0.0263671875 0.21614583333333334
0 0.12109375 0.99609375 0.123046875 0.9934895833333334 0.111328125 0.95703125 0.0751953125 0.8984375 0.0322265625 0.8671875 0.0107421875 0.8567708333333334 0 0.8580729166666666 0.0009765625 0.9973958333333334
0 0.423828125 0.9830729166666666 0.4501953125 0.9791666666666666 0.4716796875 0.96875 0.5087890625 0.9348958333333334 0.53515625 0.89453125 0.556640625 0.8294270833333334 0.5546875 0.73046875 0.533203125 0.6783854166666666 0.5146484375 0.6510416666666666 0.4873046875 0.625 0.4716796875 0.6145833333333334 0.4404296875 0.6041666666666666 0.3994140625 0.6067708333333334 0.3740234375 0.6171875 0.3271484375 0.65625 0.294921875 0.71484375 0.28125 0.7721354166666666 0.283203125 0.84765625 0.2890625 0.8736979166666666 0.310546875 0.9205729166666666 0.3349609375 0.9505208333333334 0.3623046875 0.9713541666666666 0.3935546875 0.984375
0 0.453125 0.54296875 0.4931640625 0.5286458333333334 0.5078125 0.5169270833333334 0.517578125 0.44921875 0.5390625 0.3971354166666667 0.564453125 0.3684895833333333 0.564453125 0.34765625 0.556640625 0.3138020833333333 0.544921875 0.2955729166666667 0.5390625 0.2721354166666667 0.5205078125 0.24739583333333334 0.4775390625 0.22135416666666666 0.4404296875 0.21614583333333334 0.4228515625 0.21875 0.3974609375 0.23177083333333334 0.349609375 0.2825520833333333 0.337890625 0.31640625 0.32421875 0.3893229166666667 0.33203125 0.4231770833333333 0.333984375 0.4518229166666667 0.341796875 0.4778645833333333 0.3740234375 0.5182291666666666 0.3994140625 0.5338541666666666 0.4111328125 0.5338541666666666 0.4248046875 0.5416666666666666
0 0.53125 0.24609375 0.5966796875 0.21875 0.6162109375 0.20052083333333334 0.634765625 0.17057291666666666 0.650390625 0.13151041666666666 0.658203125 0.09505208333333333 0.66015625 0.048177083333333336 0.65234375 0.00390625 0.6494140625 0 0.3994140625 0 0.392578125 0.01171875 0.388671875 0.03515625 0.384765625 0.09244791666666667 0.390625 0.13151041666666666 0.412109375 0.18619791666666666 0.4365234375 0.21354166666666666 0.4755859375 0.21875 0.5244140625 0.24739583333333334
0 0.65625 0.69921875 0.6943359375 0.6901041666666666 0.7392578125 0.65625 0.7734375 0.6028645833333334 0.78515625 0.5716145833333334 0.791015625 0.53515625 0.791015625 0.48046875 0.783203125 0.44140625 0.763671875 0.3971354166666667 0.7412109375 0.3671875 0.712890625 0.3424479166666667 0.7265625 0.3190104166666667 0.728515625 0.2903645833333333 0.7177734375 0.2708333333333333 0.7080078125 0.265625 0.6845703125 0.2682291666666667 0.673828125 0.28515625 0.669921875 0.3138020833333333 0.6748046875 0.3333333333333333 0.6650390625 0.328125 0.6220703125 0.3307291666666667 0.5810546875 0.3541666666666667 0.5498046875 0.3854166666666667 0.52734375 0.42578125 0.51171875 0.4856770833333333 0.509765625 0.52734375 0.515625 0.57421875 0.529296875 0.61328125 0.546875 0.64453125 0.5908203125 0.6848958333333334 0.6318359375 0.7005208333333334
0 0.736328125 0.13932291666666666 0.755859375 0.08203125 0.7841796875 0.036458333333333336 0.8056640625 0.036458333333333336 0.8154296875 0.028645833333333332 0.8291015625 0.028645833333333332 0.84375 0.0013020833333333333 0.6591796875 0 0.6640625 0.053385416666666664 0.677734375 0.08723958333333333 0.7060546875 0.125 0.7236328125 0.13802083333333334
0 0.89453125 0.5403645833333334 0.927734375 0.50390625 0.9296875 0.4908854166666667 0.916015625 0.45703125 0.962890625 0.3684895833333333 0.962890625 0.3268229166666667 0.9580078125 0.3177083333333333 0.943359375 0.3111979166666667 0.953125 0.2955729166666667 0.953125 0.2825520833333333 0.94140625 0.2747395833333333 0.939453125 0.22526041666666666 0.927734375 0.20703125 0.927734375 0.19661458333333334 0.9453125 0.15494791666666666 0.947265625 0.13671875 0.91796875 0.11067708333333333 0.923828125 0.07682291666666667 0.9189453125 0.06770833333333333 0.908203125 0.061197916666666664 0.90625 0.05078125 0.8974609375 0.0390625 0.8916015625 0.033854166666666664 0.8623046875 0.036458333333333336 0.857421875 0.029947916666666668 0.859375 0.024739583333333332 0.853515625 0.009114583333333334 0.8447265625 0.0078125 0.8291015625 0.028645833333333332 0.8134765625 0.03125 0.8037109375 0.0390625 0.7822265625 0.0390625 0.7578125 0.07942708333333333 0.73828125 0.13671875 0.73046875 0.19401041666666666 0.724609375 0.20963541666666666 0.724609375 0.24348958333333334 0.728515625 0.26953125 0.740234375 0.3033854166666667 0.736328125 0.3190104166666667 0.73828125 0.34765625 0.77734375 0.4205729166666667 0.791015625 0.4700520833333333 0.7998046875 0.4817708333333333 0.8076171875 0.4817708333333333 0.8369140625 0.5104166666666666 0.8662109375 0.53125 0.8837890625 0.5416666666666666
0 0.837890625 0.92578125 0.8681640625 0.9088541666666666 0.900390625 0.8606770833333334 0.919921875 0.7981770833333334 0.923828125 0.76171875 0.923828125 0.7096354166666666 0.916015625 0.6783854166666666 0.8818359375 0.6223958333333334 0.8564453125 0.609375 0.8271484375 0.609375 0.8037109375 0.625 0.77734375 0.65234375 0.7568359375 0.6953125 0.7412109375 0.6901041666666666 0.734375 0.69921875 0.734375 0.71484375 0.748046875 0.7252604166666666 0.740234375 0.76171875 0.740234375 0.8190104166666666 0.7578125 0.87890625 0.7763671875 0.90625 0.7939453125 0.921875 0.8095703125 0.9270833333333334
0 0.763671875 0.9986979166666666 0.765625 0.99609375 0.7578125 0.9830729166666666 0.7578125 0.96484375 0.744140625 0.94140625 0.7197265625 0.9296875 0.7001953125 0.9322916666666666 0.69140625 0.94140625 0.6826171875 0.9661458333333334 0.6728515625 0.9661458333333334 0.6572265625 0.9557291666666666 0.6318359375 0.9609375 0.6162109375 0.9583333333333334 0.591796875 0.9778645833333334 0.5927734375 1
0 0.984375 0.9986979166666666 1 0.99609375 0.9990234375 0.8828125 0.9599609375 0.8854166666666666 0.9052734375 0.9088541666666666 0.8623046875 0.9479166666666666 0.828125 0.99609375 0.8544921875 1
0 1 0.8268229166666666 1 0.5013020833333334 0.9833984375 0.5 0.96484375 0.5221354166666666 0.96875 0.5403645833333334 0.96875 0.5872395833333334 0.9609375 0.62109375 0.939453125 0.6627604166666666 0.935546875 0.69140625 0.951171875 0.7200520833333334 0.96875 0.7825520833333334 0.982421875 0.80859375
0 0 0.31850961538461536 0.01269413874699521 0.3006842197516026 0.02946706918569711 0.28521415514823717 0.05523975078876206 0.25674673227163464 0.0808216975285457 0.23939083784054485 0.10956690861628607 0.22820105919471154 0.15205970177283656 0.2225357446915064 0.1801769550030048 0.22141676682692302 0.19024775578425482 0.22292699569310895 0.1968090350811298 0.22446852463942304 0.19820580115685102 0.22993038862179485 0.21516066331129804 0.2402515900440705 0.24091573861929083 0.253604986728766 0.2691826453575721 0.2822797726362179 0.3015576876126802 0.3313504732572115 0.3156075110802283 0.3708355243389423 0.32905578613281244 0.42274279472155446 0.33144143911508406 0.4883790627504006 0.325029813326322 0.535286145332532 0.3090873131385215 0.5848302596654648 0.29426574707031244 0.6161029522235576 0.278035677396334 0.6394958496093751 0.2698252751277042 0.64605712890625 0.2623836810772235 0.6428058330829326 0.25540278508112974 0.6532835349058493 0.2447098952073316 0.6589331993689903 0.2407279381385215 0.6627909342447916 0.2335269634540264 0.6639764247796475 0.22919874924879796 0.6612063676883012 0.2114486694335937 0.6666212815504807 0.20529526930588932 0.6578963842147436 0.20398946908804078 0.6492184369991986 0.19248375525841338 0.6448872884114584 0.18460200383112974 0.6441282614683493 0.18030900221604557 0.6424497946714743 0.16955155592698307 0.6543673001802884 0.16616821289062494 0.6655962039262819 0.1532980111929086 0.6740198379907852 0.1429220346304086 0.6764690692608172 0.1352163461538461 0.6848731407752403 0.12214660644531244 0.6848692282652241 0.11092846210186291 0.6837150378104967 0.10897416334885812 0.6646806765825318 0.09737748366135812 0.6637338491586536 0.08402310884915859 0.6561083671374198 0.07390242356520427 0.6534948104467146 0.06770500769981963 0.648815448467548 0.06487332857572109 0.6291042230068108 0.059817387507511977 0.6228324694511217 0.05102304311899031 0.6235680213341345 0.03965524526742781 0.6112162272135416 0.033877446101261977 0.6035868326822916 0.03191727858323312 0.5912193885216345 0.0257638784555288 0.5848028720953524 0.014812762920673017 0.5732257549579326 0.006731473482572081 0.5556703225160255 0.011470501239483122 0.5382557404346954 0.017650310809795622 0.5246049929887819 0.021467942457932654 0.5076403495592948 0.014264033390925412 0.47875820062099345 0.005842355581430203 0.46620686848958326 0 0.4709723056891025
0 0.04206730769230771 0.6169871794871794 0.044875511756310105 0.6337796724759616 0.049118628868689895 0.6401414137620193 0.05636948805588944 0.647266094501202 0.061859717735877395 0.654609875801282 0.0699762197641226 0.6651540902944711 0.0764083862304688 0.6650875776241986 0.075222895695613 0.6772085336538461 0.07045452411358175 0.6893451397235578 0.07032247690054086 0.7045452411358172 0.06519317626953128 0.7125619741586539 0.06311563345102164 0.7211734087039262 0.06401355449969956 0.7288810534354968 0.05719404954176685 0.7304617074819711 0.05186227651742789 0.7305203951322116 0.048053448016826955 0.7375707381810899 0.04147456242487982 0.7439246544471153 0.0343762911283053 0.7411428598257211 0.02846644474909857 0.7404503455528846 0.0021743774414063055 0.7648800580929486 0.0003198476938101047 0.8176089555789262 0.0119898869441106 0.8316392164963943 0.0130580021784856 0.8468275803786058 0.012711745042067318 0.8545704377003204 0.028648376464843778 0.8654746031149839 0.04235194279597357 0.8759953425480768 0.05867884709284857 0.8861835186298078 0.07015521709735581 0.8969429211738782 0.07733565110426688 0.9014579577323717 0.08581895094651443 0.9014305701622597 0.09741563063401443 0.9020722218048878 0.10836381178635819 0.9013797075320512 0.1137953538161058 0.9016692332732371 0.12006026047926682 0.9047444661458334 0.13193570650540867 0.9066420335036057 0.13902224027193516 0.9051944047976762 0.13034820556640633 0.9144944411057692 0.1293094341571515 0.9243031037159456 0.1305536123422477 0.9297493176582532 0.13382251446063706 0.9372535118689903 0.12644841120793274 0.9394171299078525 0.1185197096604568 0.9398709810697116 0.11834658109224769 0.9488580165765224 0.12097872220552894 0.9609281099759616 0.12628408578725966 0.9747979579827725 0.12970264141376206 0.9793521196414262 0.12411264272836545 0.9969232021233975 0.2702419574444111 0.9990594325921474 0.26628640981820906 0.9916491386217948 0.26181734525240385 0.9832020294971954 0.25922041672926677 0.974430182041266 0.2644964364858774 0.9658891726762819 0.26585798997145427 0.9591948680388621 0.2727420513446515 0.959644806690705 0.279391362116887 0.9528253017327724 0.2843504685621995 0.9409195337540064 0.28343787560096156 0.9268266726762819 0.2873670137845553 0.9215173965845351 0.2942217313326322 0.9268775353064903 0.3047473614032452 0.9175188113481569 0.305941655085637 0.9126712114383012 0.2948174109825721 0.8924357096354166 0.28836470383864177 0.8631623096955128 0.2821672879732572 0.8612530048076922 0.27585543118990385 0.8580643091446314 0.277862548828125 0.8485842973758012 0.28143662672776437 0.8393507737379807 0.2812928419846754 0.8092792217548076 0.2823169414813702 0.7869779146634616 0.28253702016977156 0.7701580341045672 0.26889507587139416 0.7789924817207532 0.26296468881460333 0.7754360101161858 0.2676567664513221 0.7660185985076121 0.26962867149939906 0.7528295272435898 0.2649542001577524 0.7433651655148236 0.24866837721604562 0.7319993239182692 0.24399097149188698 0.7168266100761218 0.2393047626201923 0.7059772198016826 0.22684537447415865 0.6927803235176282 0.2206127460186298 0.6894273024338942 0.22389925443209135 0.6784487993289262 0.22043668306790865 0.6701855781750802 0.21347926213191104 0.668045435196314 0.20595550537109375 0.6660109299879807 0.20565326397235573 0.6592735877403846 0.20538330078125 0.6503648024338942 0.20347888653094948 0.645286364433093 0.1961047832782452 0.6459671411758814 0.18778580885667062 0.6474069448617787 0.18141526442307687 0.6448051257011218 0.17587515024038458 0.64422607421875 0.1651910635141226 0.6533070099659454 0.16739771916316104 0.6612611428285255 0.16290517953725958 0.6691644130608974 0.1517633291391226 0.6740550505809294 0.14587695782001198 0.6754166040665064 0.14310690072866583 0.6808941180889422 0.13088519756610573 0.6885000375600961 0.11870751014122594 0.6877996982672275 0.10844890887920672 0.6817353077423878 0.11014498197115385 0.665283203125 0.10007124680739182 0.6653771033653846 0.09113898644080526 0.6625209710536858 0.07915790264423078 0.6561905298477564 0.07268465482271635 0.654742901141827 0.06904895489032453 0.6464327298677884 0.06575951209435094 0.6383533966846954 0.06281045766977161 0.624847412109375 0.058135986328125 0.6245735364082532 0.052237877478966355 0.6236501840444711 0.04462022047776443 0.6189160469250802