0 0.060546875 0.6419270833333334 0.0703125 0.6263020833333334 0.0703125 0.59765625 0.0908203125 0.5911458333333334 0.107421875 0.5690104166666666 0.126953125 0.5169270833333334 0.13671875 0.4596354166666667 0.150390625 0.4153645833333333 0.158203125 0.4049479166666667 0.16015625 0.3815104166666667 0.140625 0.3450520833333333 0.10546875 0.30859375 0.107421875 0.29296875 0.119140625 0.26953125 0.115234375 0.24348958333333334 0.0947265625 0.22395833333333334 0.0751953125 0.2421875 0.0654296875 0.2421875 0.044921875 0.19921875 0.044921875 0.17057291666666666 0.03515625 0.14453125 0.0166015625 0.140625 0.0009765625 0.13020833333333334 0 0.5559895833333334 0.01171875 0.5611979166666666 0.015625 0.58203125 0.037109375 0.61328125 0.044921875 0.6419270833333334
0 0.30078125 0.99609375 0.306640625 0.94921875 0.3046875 0.9075520833333334 0.298828125 0.8763020833333334 0.28515625 0.8372395833333334 0.2529296875 0.7864583333333334 0.2001953125 0.7421875 0.1455078125 0.7317708333333334 0.0888671875 0.7473958333333334 0.0693359375 0.7578125 0.0302734375 0.796875 0 0.84765625 0.0009765625 0.9973958333333334
0 0.12890625 0.061197916666666664 0.1513671875 0.057291666666666664 0.1884765625 0.0390625 0.2265625 0.0013020833333333333 0.015625 0.0013020833333333333 0.017578125 0.024739583333333332 0.0478515625 0.049479166666666664 0.0849609375 0.0625
0 0.384765625 0.2513020833333333 0.4072265625 0.23958333333333334 0.4267578125 0.22135416666666666 0.458984375 0.17578125 0.46875 0.14973958333333334 0.4765625 0.12369791666666667 0.48046875 0.08723958333333333 0.48046875 0.05078125 0.470703125 0.00390625 0.4658203125 0 0.2412109375 0 0.2197265625 0.013020833333333334 0.20703125 0.061197916666666664 0.20703125 0.10026041666666667 0.2109375 0.13411458333333334 0.234375 0.19401041666666666 0.2509765625 0.21354166666666666 0.2705078125 0.22135416666666666 0.2998046875 0.2421875 0.3330078125 0.2526041666666667
0 0.337890625 0.7981770833333334 0.3603515625 0.796875 0.4111328125 0.7760416666666666 0.4599609375 0.7369791666666666 0.4892578125 0.7005208333333334 0.5029296875 0.7135416666666666 0.5283203125 0.7083333333333334 0.54296875 0.69140625 0.548828125 0.6653645833333334 0.546875 0.6471354166666666 0.5390625 0.6315104166666666 0.52734375 0.6236979166666666 0.537109375 0.54296875 0.537109375 0.4752604166666667 0.529296875 0.43359375 0.513671875 0.38671875 0.490234375 0.3424479166666667 0.4619140625 0.3072916666666667 0.4130859375 0.2708333333333333 0.3740234375 0.2578125 0.3115234375 0.2578125 0.2919921875 0.2630208333333333 0.2666015625 0.2734375 0.2236328125 0.3072916666666667 0.166015625 0.3893229166666667 0.142578125 0.45703125 0.1328125 0.5169270833333334 0.134765625 0.5794270833333334 0.142578125 0.6236979166666666 0.158203125 0.66796875 0.1796875 0.70703125 0.2158203125 0.75 0.2626953125 0.7838541666666666 0.2998046875 0.796875
0 0.8359375 0.99609375 0.8359375 0.96484375 0.822265625 0.90234375 0.8046875 0.8606770833333334 0.783203125 0.82421875 0.7529296875 0.7890625 0.7216796875 0.765625 0.6806640625 0.7473958333333334 0.6474609375 0.7395833333333334 0.6083984375 0.7421875 0.5712890625 0.7526041666666666 0.5341796875 0.7734375 0.5048828125 0.7994791666666666 0.4765625 0.8346354166666666 0.44921875 0.8841145833333334 0.4296875 0.9388020833333334 0.419921875 0.98828125 0.4208984375 0.9973958333333334
0 0.71484375 0.24088541666666666 0.7607421875 0.2265625 0.7861328125 0.20833333333333334 0.82421875 0.17057291666666666 0.84765625 0.13151041666666666 0.859375 0.10286458333333333 0.869140625 0.05859375 0.869140625 0.00390625 0.8662109375 0 0.5537109375 0 0.548828125 0.014322916666666666 0.55078125 0.08723958333333333 0.560546875 0.12630208333333334 0.580078125 0.16796875 0.6044921875 0.20052083333333334 0.6376953125 0.2265625 0.6787109375 0.2421875
0 0.865234375 0.37109375 0.9052734375 0.34375 0.91796875 0.3294270833333333 0.927734375 0.30859375 0.935546875 0.2747395833333333 0.935546875 0.24348958333333334 0.927734375 0.21484375 0.9111328125 0.1875 0.8837890625 0.16927083333333334 0.8544921875 0.16927083333333334 0.8251953125 0.18489583333333334 0.80078125 0.22005208333333334 0.791015625 0.25390625 0.791015625 0.28515625 0.798828125 0.3138020833333333 0.8056640625 0.3229166666666667 0.8271484375 0.3333333333333333 0.828125 0.3450520833333333 0.8505859375 0.3697916666666667
0 0.734375 0.7486979166666666 0.7744140625 0.7369791666666666 0.8056640625 0.7135416666666666 0.828125 0.6888020833333334 0.865234375 0.6158854166666666 0.876953125 0.5716145833333334 0.8828125 0.5299479166666666 0.8828125 0.4778645833333333 0.876953125 0.4440104166666667 0.865234375 0.4049479166666667 0.84765625 0.37109375 0.8017578125 0.3229166666666667 0.7724609375 0.3098958333333333 0.7529296875 0.3072916666666667 0.7197265625 0.3098958333333333 0.6904296875 0.3203125 0.6708984375 0.3333333333333333 0.6455078125 0.359375 0.623046875 0.3893229166666667 0.6015625 0.43359375 0.587890625 0.48046875 0.580078125 0.5299479166666666 0.580078125 0.5690104166666666 0.5859375 0.61328125 0.59765625 0.65234375 0.615234375 0.6861979166666666 0.6357421875 0.7135416666666666 0.6669921875 0.7369791666666666 0.7119140625 0.75
0 0.9453125 0.8346354166666666 0.9833984375 0.828125 1 0.8190104166666666 0.9990234375 0.3697916666666667 0.9833984375 0.3697916666666667 0.9560546875 0.3958333333333333 0.9169921875 0.3932291666666667 0.88671875 0.4231770833333333 0.884765625 0.4309895833333333 0.890625 0.4544270833333333 0.884765625 0.4700520833333333 0.88671875 0.50390625 0.87890625 0.56640625 0.880859375 0.58984375 0.869140625 0.6080729166666666 0.86328125 0.6315104166666666 0.830078125 0.69140625 0.8203125 0.7174479166666666 0.8203125 0.7565104166666666 0.8291015625 0.7734375 0.8583984375 0.7838541666666666 0.8720703125 0.8125 0.8955078125 0.828125 0.9169921875 0.8359375
0 1 0.19140625 1 0.0013020833333333333 0.9052734375 0 0.904296875 0.009114583333333334 0.919921875 0.03515625 0.9296875 0.10546875 0.953125 0.12109375 0.955078125 0.14713541666666666 0.9599609375 0.15364583333333334 0.9873046875 0.15885416666666666
0 0.001953125 0.10286458333333333 0.0068359375 0.09635416666666667 0.0498046875 0.09375 0.064453125 0.07682291666666667 0.064453125 0.06640625 0.0576171875 0.0546875 0.017578125 0.029947916666666668 0.017578125 0.014322916666666666 0.0126953125 0 0 0.0013020833333333333
0 0.001953125 0.8216145833333334 0.009765625 0.8138020833333334 0.01171875 0.74609375 0.0185546875 0.7421875 0.0283203125 0.75 0.0439453125 0.7447916666666666 0.046875 0.73828125 0.046875 0.6940104166666666 0.04296875 0.6809895833333334 0.03515625 0.6731770833333334 0.0263671875 0.6484375 0.0048828125 0.6328125 0 0.6341145833333334