0 0.0078125 0.6028645833333334 0.0361328125 0.59375 0.0615234375 0.5755208333333334 0.095703125 0.5299479166666666 0.109375 0.50390625 0.123046875 0.45703125 0.12890625 0.38671875 0.119140625 0.3268229166666667 0.109375 0.3033854166666667 0.109375 0.2903645833333333 0.1005859375 0.2734375 0.0927734375 0.2734375 0.0712890625 0.25 0.0498046875 0.23697916666666666 0.0009765625 0.22395833333333334 0 0.6028645833333334
0 0.6953125 0.4153645833333333 0.7021484375 0.4010416666666667 0.7431640625 0.4036458333333333 0.7724609375 0.3984375 0.7900390625 0.375 0.8095703125 0.375 0.822265625 0.36328125 0.8251953125 0.3515625 0.8349609375 0.3463541666666667 0.8583984375 0.3515625 0.880859375 0.3424479166666667 0.880859375 0.3138020833333333 0.88671875 0.29296875 0.884765625 0.2565104166666667 0.8740234375 0.24479166666666666 0.8486328125 0.23958333333333334 0.83984375 0.23307291666666666 0.83984375 0.21223958333333334 0.849609375 0.17838541666666666 0.849609375 0.15494791666666666 0.86328125 0.12369791666666667 0.859375 0.10286458333333333 0.859375 0.04296875 0.8701171875 0.033854166666666664 0.880859375 0.014322916666666666 0.8740234375 0 0.5283203125 0 0.521484375 0.006510416666666667 0.533203125 0.040364583333333336 0.525390625 0.07942708333333333 0.54296875 0.10807291666666667 0.548828125 0.13671875 0.546875 0.17838541666666666 0.580078125 0.2513020833333333 0.603515625 0.33203125 0.6376953125 0.375 0.6591796875 0.390625 0.6748046875 0.4088541666666667 0.6845703125 0.4166666666666667
0 0.25 0.10807291666666667 0.251953125 0.08203125 0.263671875 0.05078125 0.28125 0.03515625 0.2744140625 0.026041666666666668 0.2509765625 0.026041666666666668 0.2412109375 0.033854166666666664 0.228515625 0.055989583333333336 0.228515625 0.08723958333333333 0.2412109375 0.10677083333333333
0 0.19921875 0.33203125 0.2099609375 0.3229166666666667 0.2275390625 0.3307291666666667 0.2490234375 0.328125 0.2705078125 0.3125 0.28515625 0.2877604166666667 0.2958984375 0.2526041666666667 0.3193359375 0.2734375 0.3349609375 0.2734375 0.3427734375 0.2682291666666667 0.4052734375 0.19791666666666666 0.4228515625 0.171875 0.439453125 0.20963541666666666 0.4658203125 0.23177083333333334 0.4912109375 0.234375 0.5185546875 0.21875 0.53125 0.20442708333333334 0.546875 0.16276041666666666 0.546875 0.13151041666666666 0.54296875 0.11328125 0.53515625 0.09505208333333333 0.521484375 0.07942708333333333 0.529296875 0.061197916666666664 0.52734375 0.02734375 0.5107421875 0.010416666666666666 0.4990234375 0.0078125 0.4775390625 0.015625 0.4609375 0.040364583333333336 0.4609375 0.07421875 0.4404296875 0.09375 0.447265625 0.08203125 0.44921875 0.014322916666666666 0.4384765625 0 0.3466796875 0 0.3251953125 0.0078125 0.2744140625 0.0390625 0.263671875 0.05078125 0.25 0.09244791666666667 0.25 0.13671875 0.255859375 0.18098958333333334 0.26171875 0.19661458333333334 0.2373046875 0.19791666666666666 0.2080078125 0.21354166666666666 0.1953125 0.23828125 0.189453125 0.2799479166666667 0.17578125 0.2955729166666667 0.177734375 0.3216145833333333 0.1865234375 0.3307291666666667
0 0.18359375 0.2825520833333333 0.19140625 0.27734375 0.193359375 0.24609375 0.2080078125 0.21354166666666666 0.2373046875 0.19791666666666666 0.259765625 0.19661458333333334 0.25390625 0.17838541666666666 0.2490234375 0.1171875 0.2294921875 0.13020833333333334 0.20703125 0.15755208333333334 0.193359375 0.18359375 0.185546875 0.20442708333333334 0.177734375 0.24609375 0.1796875 0.2799479166666667
0 0.18359375 0.2825520833333333 0.189453125 0.2799479166666667 0.19921875 0.22526041666666666 0.2099609375 0.2109375 0.2373046875 0.19791666666666666 0.2578125 0.19661458333333334 0.2490234375 0.1171875 0.2294921875 0.13020833333333334 0.201171875 0.16796875 0.189453125 0.19401041666666666 0.177734375 0.24609375 0.1796875 0.2799479166666667
0 0.294921875 0.39453125 0.3017578125 0.3932291666666667 0.3408203125 0.3567708333333333 0.3720703125 0.3385416666666667 0.38671875 0.3190104166666667 0.3984375 0.2903645833333333 0.404296875 0.2565104166666667 0.404296875 0.22265625 0.3994140625 0.20833333333333334 0.3837890625 0.21875 0.3388671875 0.2734375 0.3154296875 0.2734375 0.2958984375 0.2552083333333333 0.28515625 0.2903645833333333 0.2685546875 0.3151041666666667 0.2412109375 0.3307291666666667 0.2255859375 0.3307291666666667 0.2119140625 0.3229166666666667 0.197265625 0.3346354166666667 0.19921875 0.3424479166666667 0.2275390625 0.3776041666666667 0.2685546875 0.3958333333333333
0 0.015625 0.08463541666666667 0.0322265625 0.06770833333333333 0.0634765625 0.059895833333333336 0.0732421875 0.044270833333333336 0.091796875 0.02734375 0.103515625 0.0013020833333333333 0.0009765625 0 0 0.08203125 0.0029296875 0.0859375
0 0.845703125 0.7486979166666666 0.8720703125 0.7395833333333334 0.8974609375 0.7395833333333334 0.900390625 0.7278645833333334 0.9228515625 0.7057291666666666 0.953125 0.6575520833333334 0.962890625 0.6341145833333334 0.97265625 0.5924479166666666 0.974609375 0.52734375 0.970703125 0.5013020833333334 0.95703125 0.45703125 0.9306640625 0.4140625 0.8935546875 0.3828125 0.8564453125 0.3697916666666667 0.8330078125 0.3697916666666667 0.7900390625 0.3854166666666667 0.7744140625 0.4036458333333333 0.7587890625 0.4088541666666667 0.734375 0.4361979166666667 0.705078125 0.5065104166666666 0.69921875 0.55859375 0.708984375 0.6419270833333334 0.71875 0.66796875 0.7412109375 0.703125 0.7646484375 0.7265625 0.7919921875 0.7421875 0.8212890625 0.75
0 0.28515625 0.9986979166666666 0.2890625 0.99609375 0.2783203125 0.9817708333333334 0.2294921875 0.9427083333333334 0.1630859375 0.9192708333333334 0.1240234375 0.9192708333333334 0.0849609375 0.9296875 0.0361328125 0.9661458333333334 0.017578125 0.9934895833333334 0.0205078125 1
0 0.763671875 0.9986979166666666 0.78125 0.9934895833333334 0.78125 0.97265625 0.75 0.9466145833333334 0.751953125 0.91015625 0.73828125 0.87109375 0.7197265625 0.8463541666666666 0.6943359375 0.8333333333333334 0.6630859375 0.8307291666666666 0.6484375 0.8424479166666666 0.63671875 0.8841145833333334 0.62890625 0.8971354166666666 0.634765625 0.9153645833333334 0.6337890625 0.9244791666666666 0.6181640625 0.9244791666666666 0.5869140625 0.9505208333333334 0.5634765625 0.9635416666666666 0.564453125 0.9518229166666666 0.5576171875 0.9453125 0.5498046875 0.9453125 0.5244140625 0.9635416666666666 0.5166015625 0.9791666666666666 0.490234375 0.99609375 0.5458984375 1
0 0.978515625 0.9986979166666666 0.9990234375 0.9973958333333334 1 0.9856770833333334 0.9638671875 0.9375 0.9208984375 0.90625 0.8818359375 0.8932291666666666 0.8505859375 0.8932291666666666 0.7880859375 0.9140625 0.7666015625 0.9244791666666666 0.763671875 0.9309895833333334 0.767578125 0.93359375 0.759765625 0.9440104166666666 0.7626953125 0.9557291666666666 0.7744140625 0.9609375 0.783203125 0.97265625 0.7822265625 0.9973958333333334
0 1 0.8736979166666666 0.9990234375 0.6015625 0.986328125 0.64453125 0.978515625 0.6888020833333334 0.982421875 0.69921875 0.978515625 0.7721354166666666 0.984375 0.8216145833333334
0 0.466796875 0.9622395833333334 0.4912109375 0.9583333333333334 0.5400390625 0.9401041666666666 0.5732421875 0.9140625 0.5908203125 0.9296875 0.6044921875 0.9270833333333334 0.61328125 0.8971354166666666 0.603515625 0.8919270833333334 0.6484375 0.8294270833333334 0.673828125 0.77734375 0.689453125 0.73046875 0.701171875 0.6653645833333334 0.69921875 0.5690104166666666 0.6875 0.5143229166666666 0.673828125 0.4752604166666667 0.68359375 0.44921875 0.6796875 0.4309895833333333 0.6689453125 0.4192708333333333 0.6474609375 0.421875 0.6103515625 0.3776041666666667 0.5634765625 0.3411458333333333 0.5166015625 0.3229166666666667 0.51171875 0.3033854166666667 0.5009765625 0.2916666666666667 0.4775390625 0.296875 0.4677734375 0.3151041666666667 0.4345703125 0.3177083333333333 0.3818359375 0.3333333333333333 0.3369140625 0.3619791666666667 0.2958984375 0.4010416666666667 0.2578125 0.4544270833333333 0.2265625 0.5221354166666666 0.19921875 0.7669270833333334 0.19921875 0.7903645833333334 0.2060546875 0.8098958333333334 0.2158203125 0.8203125 0.2333984375 0.8125 0.2919921875 0.8984375 0.3154296875 0.9192708333333334 0.3466796875 0.9401041666666666 0.3818359375 0.9557291666666666 0.4208984375 0.9635416666666666