0 0.6875 0.4700520833333333 0.7099609375 0.4661458333333333 0.7412109375 0.4401041666666667 0.751953125 0.42578125 0.763671875 0.3841145833333333 0.76171875 0.3424479166666667 0.75 0.30078125 0.7294921875 0.2734375 0.7041015625 0.2630208333333333 0.6728515625 0.265625 0.6513671875 0.2786458333333333 0.6328125 0.2981770833333333 0.6162109375 0.3333333333333333 0.6123046875 0.328125 0.607421875 0.3346354166666667 0.609375 0.34765625 0.615234375 0.3502604166666667 0.61328125 0.3658854166666667 0.6171875 0.40234375 0.6328125 0.4361979166666667 0.6435546875 0.4505208333333333 0.6689453125 0.46875
0 0.55078125 0.49609375 0.5771484375 0.4869791666666667 0.6015625 0.4596354166666667 0.615234375 0.4205729166666667 0.6171875 0.3893229166666667 0.609375 0.3528645833333333 0.5947265625 0.328125 0.5654296875 0.3046875 0.5361328125 0.3020833333333333 0.5087890625 0.3151041666666667 0.482421875 0.3450520833333333 0.46875 0.3893229166666667 0.46875 0.40234375 0.478515625 0.4466145833333333 0.5029296875 0.4817708333333333 0.5263671875 0.4947916666666667
0 0.470703125 0.33984375 0.4912109375 0.3307291666666667 0.51171875 0.30859375 0.5234375 0.27734375 0.5234375 0.23567708333333334 0.509765625 0.20182291666666666 0.4990234375 0.1875 0.4677734375 0.16927083333333334 0.4462890625 0.16927083333333334 0.4306640625 0.1796875 0.41796875 0.19661458333333334 0.404296875 0.23046875 0.4013671875 0.234375 0.3974609375 0.23177083333333334 0.388671875 0.2513020833333333 0.400390625 0.2643229166666667 0.40234375 0.2903645833333333 0.4208984375 0.3255208333333333 0.4482421875 0.3411458333333333
0 0.630859375 0.2747395833333333 0.6513671875 0.2708333333333333 0.6728515625 0.2578125 0.693359375 0.23046875 0.70703125 0.18880208333333334 0.70703125 0.15234375 0.697265625 0.11588541666666667 0.6728515625 0.08072916666666667 0.6455078125 0.06510416666666667 0.6142578125 0.0625 0.5791015625 0.078125 0.55859375 0.10286458333333333 0.544921875 0.13411458333333334 0.541015625 0.17838541666666666 0.55078125 0.22786458333333334 0.5712890625 0.2526041666666667 0.6044921875 0.2734375
0 0.76171875 0.2825520833333333 0.8017578125 0.2734375 0.8232421875 0.24739583333333334 0.8310546875 0.25 0.8427734375 0.2421875 0.8515625 0.22265625 0.849609375 0.19921875 0.8359375 0.18880208333333334 0.8359375 0.15755208333333334 0.845703125 0.14453125 0.845703125 0.13671875 0.8251953125 0.12239583333333333 0.8154296875 0.10677083333333333 0.7919921875 0.0859375 0.7841796875 0.06770833333333333 0.7744140625 0.078125 0.7607421875 0.078125 0.7392578125 0.09114583333333333 0.7236328125 0.11458333333333333 0.7060546875 0.10677083333333333 0.701171875 0.11848958333333333 0.705078125 0.13671875 0.71484375 0.14192708333333334 0.712890625 0.20182291666666666 0.716796875 0.22005208333333334 0.7265625 0.24609375 0.74609375 0.2747395833333333 0.7529296875 0.2838541666666667
0 0.984375 0.3528645833333333 0.9892578125 0.3463541666666667 1 0.3450520833333333 1 0.19140625 0.9794921875 0.171875 0.9599609375 0.16666666666666666 0.9267578125 0.171875 0.9091796875 0.18489583333333334 0.888671875 0.21484375 0.880859375 0.23828125 0.884765625 0.27734375 0.8984375 0.3111979166666667 0.9169921875 0.3411458333333333 0.9423828125 0.3489583333333333
0 0.880859375 0.46484375 0.8984375 0.4466145833333333 0.892578125 0.4309895833333333 0.904296875 0.4049479166666667 0.900390625 0.3528645833333333 0.8828125 0.3190104166666667 0.8623046875 0.296875 0.8408203125 0.2838541666666667 0.8173828125 0.2864583333333333 0.798828125 0.3033854166666667 0.791015625 0.3294270833333333 0.77734375 0.3502604166666667 0.775390625 0.37109375 0.779296875 0.3841145833333333 0.779296875 0.41015625 0.7900390625 0.4192708333333333 0.7978515625 0.4166666666666667 0.8046875 0.4309895833333333 0.8212890625 0.4479166666666667 0.8447265625 0.4557291666666667 0.8701171875 0.453125 0.8759765625 0.4661458333333333
0 0.9296875 0.5247395833333334 0.9462890625 0.5182291666666666 0.9697265625 0.5 0.9765625 0.4908854166666667 0.982421875 0.4544270833333333 0.9765625 0.4205729166666667 0.9560546875 0.3828125 0.9326171875 0.3671875 0.9130859375 0.3645833333333333 0.904296875 0.3684895833333333 0.904296875 0.4075520833333333 0.89453125 0.4283854166666667 0.8984375 0.44921875 0.8798828125 0.4661458333333333 0.8701171875 0.4557291666666667 0.8583984375 0.4557291666666667 0.857421875 0.4700520833333333 0.8671875 0.49609375 0.8857421875 0.5182291666666666 0.9013671875 0.5260416666666666
0 0.755859375 0.6106770833333334 0.7783203125 0.6041666666666666 0.7890625 0.57421875 0.78515625 0.5065104166666666 0.7744140625 0.4765625 0.7509765625 0.4635416666666667 0.7294921875 0.4635416666666667 0.7158203125 0.4713541666666667 0.697265625 0.49609375 0.689453125 0.51953125 0.689453125 0.56640625 0.7060546875 0.59375 0.7255859375 0.609375
0 0.66796875 0.7643229166666666 0.673828125 0.7591145833333334 0.677734375 0.7486979166666666 0.67578125 0.7434895833333334 0.6826171875 0.734375 0.6943359375 0.7291666666666666 0.720703125 0.69921875 0.728515625 0.6731770833333334 0.728515625 0.6393229166666666 0.724609375 0.6236979166666666 0.6884765625 0.5703125 0.6728515625 0.5598958333333334 0.6357421875 0.5546875 0.6103515625 0.5651041666666666 0.6005859375 0.5572916666666666 0.5869140625 0.5572916666666666 0.580078125 0.5794270833333334 0.591796875 0.5924479166666666 0.583984375 0.64453125 0.583984375 0.6705729166666666 0.58984375 0.6888020833333334 0.6064453125 0.7213541666666666 0.6279296875 0.7395833333333334 0.6513671875 0.7421875 0.65625 0.76171875
0 0.728515625 0.9205729166666666 0.7353515625 0.9088541666666666 0.7626953125 0.9166666666666666 0.7978515625 0.9088541666666666 0.8173828125 0.8958333333333334 0.8251953125 0.9010416666666666 0.8310546875 0.8984375 0.8359375 0.88671875 0.833984375 0.87890625 0.8515625 0.83984375 0.85546875 0.81640625 0.853515625 0.7825520833333334 0.8359375 0.7356770833333334 0.8134765625 0.7083333333333334 0.7880859375 0.6953125 0.7802734375 0.6901041666666666 0.7783203125 0.6822916666666666 0.7626953125 0.6744791666666666 0.7529296875 0.6901041666666666 0.7373046875 0.6953125 0.7080078125 0.7161458333333334 0.69140625 0.7408854166666666 0.681640625 0.7747395833333334 0.681640625 0.8216145833333334 0.70703125 0.8815104166666666 0.70703125 0.9127604166666666 0.7138671875 0.921875
0 0.904296875 0.80859375 0.923828125 0.7877604166666666 0.9296875 0.7669270833333334 0.9296875 0.74609375 0.921875 0.7122395833333334 0.9072265625 0.7057291666666666 0.90625 0.6940104166666666 0.9013671875 0.6901041666666666 0.8955078125 0.6979166666666666 0.8798828125 0.6979166666666666 0.8603515625 0.7083333333333334 0.84375 0.7252604166666666 0.841796875 0.7434895833333334 0.853515625 0.7877604166666666 0.8623046875 0.7994791666666666 0.8779296875 0.8098958333333334
0 0.83984375 0.69921875 0.8505859375 0.6901041666666666 0.8544921875 0.6953125 0.8623046875 0.6953125 0.8671875 0.6783854166666666 0.8720703125 0.6744791666666666 0.8798828125 0.6796875 0.888671875 0.67578125 0.890625 0.6653645833333334 0.8828125 0.6575520833333334 0.88671875 0.6158854166666666 0.87890625 0.5872395833333334 0.8623046875 0.5625 0.8447265625 0.5520833333333334 0.8271484375 0.5494791666666666 0.7998046875 0.5625 0.787109375 0.5794270833333334 0.779296875 0.6028645833333334 0.779296875 0.6341145833333334 0.78515625 0.6549479166666666 0.8017578125 0.6796875 0.8271484375 0.6927083333333334 0.8330078125 0.7005208333333334
0 0.9375 0.6888020833333334 0.9501953125 0.6875 0.9716796875 0.6692708333333334 0.9775390625 0.6744791666666666 0.9853515625 0.671875 0.9921875 0.6627604166666666 0.98828125 0.6471354166666666 0.998046875 0.62890625 0.9921875 0.59765625 0.98046875 0.56640625 0.9580078125 0.5416666666666666 0.9326171875 0.5260416666666666 0.8916015625 0.546875 0.875 0.5716145833333334 0.875 0.58203125 0.884765625 0.6028645833333334 0.884765625 0.6549479166666666 0.890625 0.6653645833333334 0.9111328125 0.6822916666666666
0 1 0.8268229166666666 1 0.6627604166666666 0.9970703125 0.6614583333333334 0.966796875 0.6861979166666666 0.95703125 0.7122395833333334 0.955078125 0.7356770833333334 0.96484375 0.7799479166666666 0.98828125 0.81640625
0 0.63671875 0.5481770833333334 0.6494140625 0.5416666666666666 0.6689453125 0.5208333333333334 0.671875 0.51171875 0.66015625 0.47265625 0.6533203125 0.4635416666666667 0.6435546875 0.4557291666666667 0.6220703125 0.453125 0.599609375 0.4700520833333333 0.591796875 0.4908854166666667 0.591796875 0.51171875 0.599609375 0.5325520833333334 0.6083984375 0.5416666666666666 0.6220703125 0.5494791666666666
0 0.53125 0.6549479166666666 0.5537109375 0.6432291666666666 0.568359375 0.6236979166666666 0.576171875 0.60546875 0.580078125 0.58203125 0.57421875 0.5533854166666666 0.5634765625 0.5416666666666666 0.5302734375 0.5208333333333334 0.5146484375 0.5208333333333334 0.4833984375 0.5364583333333334 0.470703125 0.5533854166666666 0.470703125 0.5872395833333334 0.478515625 0.6236979166666666 0.4931640625 0.6432291666666666 0.5087890625 0.6536458333333334
0 0.529296875 0.8450520833333334 0.5517578125 0.8333333333333334 0.5830078125 0.8333333333333334 0.591796875 0.81640625 0.578125 0.78515625 0.58203125 0.76953125 0.58203125 0.7408854166666666 0.576171875 0.7096354166666666 0.552734375 0.66796875 0.5380859375 0.6588541666666666 0.4990234375 0.6536458333333334 0.4736328125 0.6666666666666666 0.4697265625 0.6640625 0.451171875 0.6966145833333334 0.443359375 0.72265625 0.44140625 0.7565104166666666 0.44921875 0.79296875 0.47265625 0.8294270833333334 0.4755859375 0.84375 0.4853515625 0.8385416666666666 0.5009765625 0.8463541666666666
0 0.3125 0.80859375 0.3310546875 0.7942708333333334 0.3486328125 0.7916666666666666 0.3662109375 0.78125 0.384765625 0.7565104166666666 0.39453125 0.7278645833333334 0.39453125 0.6966145833333334 0.384765625 0.6627604166666666 0.3623046875 0.6328125 0.3388671875 0.6171875 0.3154296875 0.6171875 0.2958984375 0.6276041666666666 0.279296875 0.65234375 0.26953125 0.6861979166666666 0.26953125 0.7096354166666666 0.275390625 0.73828125 0.287109375 0.7643229166666666 0.298828125 0.77734375 0.29296875 0.7877604166666666 0.29296875 0.80078125 0.2998046875 0.8098958333333334
0 0.431640625 0.67578125 0.447265625 0.6471354166666666 0.4453125 0.62109375 0.453125 0.57421875 0.451171875 0.55078125 0.45703125 0.54296875 0.455078125 0.52734375 0.4443359375 0.5130208333333334 0.4365234375 0.515625 0.4248046875 0.5 0.4033203125 0.4869791666666667 0.3798828125 0.4869791666666667 0.3681640625 0.4921875 0.3466796875 0.5182291666666666 0.3330078125 0.5052083333333334 0.3076171875 0.5052083333333334 0.302734375 0.5091145833333334 0.30078125 0.5247395833333334 0.306640625 0.5455729166666666 0.3173828125 0.5598958333333334 0.33203125 0.5638020833333334 0.328125 0.58203125 0.333984375 0.5872395833333334 0.333984375 0.5950520833333334 0.3447265625 0.6171875 0.3662109375 0.6354166666666666 0.3994140625 0.6536458333333334 0.4130859375 0.6744791666666666
0 0.302734375 0.5091145833333334 0.3427734375 0.4973958333333333 0.3623046875 0.4791666666666667 0.3759765625 0.4557291666666667 0.3896484375 0.46875 0.4091796875 0.46875 0.423828125 0.4544270833333333 0.4296875 0.4388020833333333 0.4296875 0.41796875 0.421875 0.3997395833333333 0.4091796875 0.3880208333333333 0.3837890625 0.3958333333333333 0.37890625 0.3684895833333333 0.3564453125 0.3307291666666667 0.3330078125 0.3151041666666667 0.3056640625 0.3098958333333333 0.2744140625 0.3255208333333333 0.251953125 0.3528645833333333 0.240234375 0.3841145833333333 0.23828125 0.40234375 0.2421875 0.44140625 0.255859375 0.4752604166666667 0.2841796875 0.5078125
0 0.341796875 0.27734375 0.3623046875 0.2708333333333333 0.38671875 0.24869791666666666 0.400390625 0.21744791666666666 0.404296875 0.19140625 0.40234375 0.16536458333333334 0.390625 0.13411458333333334 0.3662109375 0.10677083333333333 0.3447265625 0.09635416666666667 0.3095703125 0.09895833333333333 0.2880859375 0.11197916666666667 0.26953125 0.13671875 0.2578125 0.17057291666666666 0.2578125 0.20703125 0.271484375 0.24348958333333334 0.2939453125 0.2682291666666667 0.3193359375 0.2786458333333333
0 0.46875 0.16796875 0.4814453125 0.16145833333333334 0.494140625 0.14713541666666666 0.5 0.12369791666666667 0.498046875 0.10026041666666667 0.4921875 0.08463541666666667 0.4677734375 0.059895833333333336 0.4580078125 0.0546875 0.4365234375 0.0546875 0.412109375 0.07942708333333333 0.40625 0.09765625 0.408203125 0.12630208333333334 0.416015625 0.14453125 0.4306640625 0.16145833333333334 0.4404296875 0.16666666666666666
0 0.517578125 0.08463541666666667 0.5380859375 0.07552083333333333 0.5546875 0.055989583333333336 0.564453125 0.01953125 0.5732421875 0.015625 0.5791015625 0 0.4580078125 0 0.455078125 0.00390625 0.45703125 0.03515625 0.4736328125 0.06770833333333333 0.4931640625 0.08333333333333333
0 0.634765625 0.05078125 0.6533203125 0.028645833333333332 0.6650390625 0.026041666666666668 0.677734375 0.0013020833333333333 0.58203125 0.0013020833333333333 0.5830078125 0.0078125 0.61328125 0.02734375 0.607421875 0.040364583333333336 0.6162109375 0.049479166666666664
0 0.748046875 0.07942708333333333 0.7646484375 0.06770833333333333 0.775390625 0.045572916666666664 0.77734375 0.014322916666666666 0.7734375 0.00390625 0.7705078125 0 0.7041015625 0 0.697265625 0.014322916666666666 0.697265625 0.04296875 0.703125 0.05859375 0.7236328125 0.08072916666666667
0 0.85546875 0.061197916666666664 0.8720703125 0.059895833333333336 0.880859375 0.05078125 0.884765625 0.029947916666666668 0.892578125 0.016927083333333332 0.8935546875 0 0.77734375 0.0013020833333333333 0.78515625 0.029947916666666668 0.7958984375 0.044270833333333336 0.8134765625 0.057291666666666664
0 0.9296875 0.15494791666666666 0.9462890625 0.14583333333333334 0.95703125 0.12890625 0.962890625 0.10546875 0.9609375 0.08463541666666667 0.9423828125 0.052083333333333336 0.9287109375 0.044270833333333336 0.9033203125 0.044270833333333336 0.8828125 0.06901041666666667 0.87890625 0.07942708333333333 0.87890625 0.12109375 0.8955078125 0.1484375 0.9072265625 0.15625
0 1 0.10807291666666667 1 0.0013020833333333333 0.9775390625 0 0.974609375 0.006510416666666667 0.974609375 0.040364583333333336 0.978515625 0.06640625 0.9921875 0.10026041666666667
0 0.943359375 0.024739583333333332 0.9638671875 0.015625 0.974609375 0.0013020833333333333 0.9140625 0.0013020833333333333 0.9248046875 0.015625
0 0.9609375 0.98046875 0.9912109375 0.9635416666666666 1 0.9518229166666666 1 0.83203125 0.9873046875 0.8203125 0.9658203125 0.8125 0.9462890625 0.8177083333333334 0.9267578125 0.8307291666666666 0.8828125 0.8815104166666666 0.8828125 0.8919270833333334 0.89453125 0.9049479166666666 0.890625 0.9388020833333334 0.8955078125 0.9479166666666666 0.9052734375 0.9505208333333334 0.9306640625 0.9765625 0.9443359375 0.9817708333333334
0 0.91015625 0.9986979166666666 0.8994140625 0.9869791666666666 0.8818359375 0.9817708333333334 0.8544921875 0.984375 0.8359375 0.9934895833333334 0.8388671875 1
0 0.634765625 0.94921875 0.6474609375 0.9401041666666666 0.662109375 0.9153645833333334 0.669921875 0.89453125 0.677734375 0.8450520833333334 0.673828125 0.7981770833333334 0.6630859375 0.7786458333333334 0.6396484375 0.7682291666666666 0.6181640625 0.7760416666666666 0.6015625 0.7955729166666666 0.583984375 0.83984375 0.58203125 0.87109375 0.591796875 0.9283854166666666 0.6123046875 0.9505208333333334
0 0.744140625 0.99609375 0.7177734375 0.96875 0.6904296875 0.9609375 0.6494140625 0.9739583333333334 0.6328125 0.99609375
0 0.384765625 0.9856770833333334 0.3974609375 0.9791666666666666 0.4150390625 0.984375 0.4208984375 0.96875 0.4326171875 0.9661458333333334 0.4375 0.9596354166666666 0.44140625 0.91796875 0.4296875 0.9127604166666666 0.427734375 0.8971354166666666 0.4423828125 0.8828125 0.4482421875 0.8828125 0.45703125 0.86328125 0.458984375 0.8346354166666666 0.4208984375 0.7994791666666666 0.4052734375 0.7994791666666666 0.3876953125 0.8098958333333334 0.3779296875 0.8411458333333334 0.3505859375 0.8411458333333334 0.3349609375 0.8489583333333334 0.318359375 0.8658854166666666 0.30859375 0.8919270833333334 0.314453125 0.91796875 0.3369140625 0.9505208333333334 0.3642578125 0.9635416666666666 0.3701171875 0.984375
0 0.498046875 0.99609375 0.50390625 0.9908854166666666 0.5068359375 0.9765625 0.529296875 0.95703125 0.541015625 0.91796875 0.533203125 0.87109375 0.4931640625 0.8541666666666666 0.4697265625 0.8619791666666666 0.4560546875 0.875 0.44921875 0.88671875 0.44140625 0.91796875 0.45703125 0.9596354166666666 0.478515625 0.98046875 0.48046875 0.99609375
0 0.564453125 0.9986979166666666 0.5751953125 0.9973958333333334 0.576171875 0.9934895833333334 0.5517578125 0.9635416666666666 0.5322265625 0.9635416666666666 0.509765625 0.9856770833333334 0.5107421875 0.9973958333333334
0 0.365234375 0.99609375 0.3427734375 0.9609375 0.3095703125 0.9453125 0.2587890625 0.9505208333333334 0.2333984375 0.96875 0.21484375 0.9934895833333334 0.2158203125 0.9973958333333334
0 0.302734375 0.9440104166666666 0.306640625 0.94140625 0.302734375 0.9153645833333334 0.30859375 0.90234375 0.30859375 0.8893229166666666 0.3203125 0.86328125 0.3203125 0.84765625 0.3125 0.8216145833333334 0.2978515625 0.8098958333333334 0.2880859375 0.7942708333333334 0.2763671875 0.7890625 0.2509765625 0.7916666666666666 0.2333984375 0.8046875 0.2177734375 0.796875 0.2109375 0.8138020833333334 0.216796875 0.83203125 0.216796875 0.8763020833333334 0.224609375 0.8997395833333334 0.2392578125 0.9192708333333334 0.2568359375 0.9296875 0.2724609375 0.9322916666666666 0.2783203125 0.9453125
0 0.1796875 0.71484375 0.2001953125 0.703125 0.2216796875 0.6692708333333334 0.2294921875 0.671875 0.234375 0.66796875 0.236328125 0.65234375 0.232421875 0.6393229166666666 0.2451171875 0.6328125 0.248046875 0.6236979166666666 0.267578125 0.6028645833333334 0.267578125 0.5794270833333334 0.2529296875 0.5651041666666666 0.2255859375 0.5651041666666666 0.1904296875 0.5182291666666666 0.1396484375 0.5182291666666666 0.1220703125 0.53125 0.10546875 0.5638020833333334 0.099609375 0.5950520833333334 0.103515625 0.64453125 0.11328125 0.6731770833333334 0.1337890625 0.7005208333333334 0.1572265625 0.7161458333333334
0 0.15625 0.48828125 0.1787109375 0.4765625 0.189453125 0.45703125 0.193359375 0.41015625 0.189453125 0.39453125 0.1748046875 0.3697916666666667 0.1552734375 0.3567708333333333 0.1337890625 0.3567708333333333 0.1181640625 0.3671875 0.1015625 0.3919270833333333 0.095703125 0.41796875 0.09765625 0.4388020833333333 0.1142578125 0.46875 0.1416015625 0.4869791666666667
0 0.2265625 0.16796875 0.2568359375 0.1484375 0.275390625 0.11848958333333333 0.283203125 0.08723958333333333 0.283203125 0.061197916666666664 0.275390625 0.029947916666666668 0.2548828125 0 0.1591796875 0 0.140625 0.029947916666666668 0.134765625 0.053385416666666664 0.134765625 0.08984375 0.142578125 0.11848958333333333 0.1630859375 0.15104166666666666 0.1806640625 0.1640625 0.1923828125 0.16927083333333334
0 0.341796875 0.029947916666666668 0.3720703125 0.013020833333333334 0.3818359375 0.013020833333333334 0.384765625 0.0013020833333333333 0.263671875 0.0013020833333333333 0.2685546875 0.010416666666666666 0.3017578125 0.028645833333333332
0 0.013671875 0.8763020833333334 0.0439453125 0.8671875 0.0634765625 0.8515625 0.080078125 0.83203125 0.087890625 0.8111979166666666 0.099609375 0.7955729166666666 0.095703125 0.7903645833333334 0.095703125 0.7434895833333334 0.091796875 0.7200520833333334 0.07421875 0.6783854166666666 0.0634765625 0.6640625 0.0341796875 0.640625 0.0185546875 0.6328125 0.0048828125 0.6328125 0 0.63671875 0 0.8763020833333334
0 0.173828125 0.8997395833333334 0.1923828125 0.8880208333333334 0.205078125 0.8684895833333334 0.212890625 0.83203125 0.2109375 0.8111979166666666 0.201171875 0.78515625 0.1884765625 0.7682291666666666 0.1689453125 0.7578125 0.1513671875 0.7578125 0.1259765625 0.7734375 0.11328125 0.79296875 0.107421875 0.8216145833333334 0.109375 0.8528645833333334 0.1357421875 0.8958333333333334 0.1494140625 0.9010416666666666
0 0.205078125 0.99609375 0.208984375 0.9856770833333334 0.208984375 0.9544270833333334 0.1923828125 0.921875 0.1728515625 0.9114583333333334 0.1572265625 0.9114583333333334 0.1416015625 0.921875 0.12890625 0.9388020833333334 0.123046875 0.95703125 0.1259765625 0.9973958333333334
0 0.068359375 0.99609375 0.060546875 0.9700520833333334 0.0400390625 0.9453125 0.0185546875 0.9348958333333334 0 0.9361979166666666 0.0009765625 0.9973958333333334
0 0.068359375 0.6575520833333334 0.0771484375 0.6536458333333334 0.087890625 0.63671875 0.08984375 0.6184895833333334 0.083984375 0.59765625 0.1015625 0.5768229166666666 0.109375 0.5533854166666666 0.109375 0.5377604166666666 0.103515625 0.5169270833333334 0.0927734375 0.5 0.0791015625 0.4895833333333333 0.0615234375 0.4869791666666667 0.0224609375 0.5130208333333334 0.001953125 0.5403645833333334 0 0.5716145833333334 0.0107421875 0.59375 0.0205078125 0.6041666666666666 0.0390625 0.61328125 0.037109375 0.6341145833333334 0.0478515625 0.6536458333333334 0.0556640625 0.6588541666666666
0 0.0078125 0.51171875 0.0341796875 0.4817708333333333 0.0458984375 0.4817708333333333 0.052734375 0.4674479166666667 0.044921875 0.44921875 0.060546875 0.4283854166666667 0.06640625 0.38671875 0.0625 0.3763020833333333 0.0458984375 0.359375 0.0244140625 0.3802083333333333 0 0.3919270833333333 0 0.51171875
0 0.1953125 0.3658854166666667 0.2080078125 0.3619791666666667 0.2236328125 0.3489583333333333 0.2431640625 0.3515625 0.25390625 0.33984375 0.2578125 0.32421875 0.248046875 0.3033854166666667 0.248046875 0.2721354166666667 0.23828125 0.23828125 0.2197265625 0.21354166666666666 0.2080078125 0.20572916666666666 0.1728515625 0.20052083333333334 0.15625 0.20963541666666666 0.16015625 0.21744791666666666 0.158203125 0.23567708333333334 0.1640625 0.24088541666666666 0.1640625 0.2513020833333333 0.15234375 0.2643229166666667 0.142578125 0.30078125 0.1279296875 0.3098958333333333 0.126953125 0.3190104166666667 0.1494140625 0.3515625 0.1767578125 0.3671875
0 0.107421875 0.3346354166666667 0.1142578125 0.3177083333333333 0.142578125 0.2981770833333333 0.15234375 0.26171875 0.1640625 0.2513020833333333 0.1640625 0.24088541666666666 0.158203125 0.23567708333333334 0.16015625 0.21744791666666666 0.1494140625 0.2109375 0.1474609375 0.203125 0.1279296875 0.20833333333333334 0.1044921875 0.1953125 0.099609375 0.18880208333333334 0.103515625 0.17578125 0.0966796875 0.15885416666666666 0.0869140625 0.15364583333333334 0.0693359375 0.15364583333333334 0.064453125 0.16015625 0.068359375 0.16276041666666666 0.072265625 0.18880208333333334 0.05859375 0.20442708333333334 0.05859375 0.24088541666666666 0.046875 0.2721354166666667 0.046875 0.2825520833333333 0.0654296875 0.3098958333333333 0.0830078125 0.3177083333333333 0.0927734375 0.3151041666666667 0.09375 0.32421875 0.1005859375 0.3333333333333333
0 0.052734375 0.34765625 0.0693359375 0.3411458333333333 0.08203125 0.3190104166666667 0.0615234375 0.3072916666666667 0.0439453125 0.2786458333333333 0.017578125 0.30078125 0.017578125 0.33203125 0.0341796875 0.3463541666666667
0 0.017578125 0.2955729166666667 0.0302734375 0.2916666666666667 0.046875 0.2747395833333333 0.05859375 0.23828125 0.05859375 0.20442708333333334 0.05078125 0.18359375 0.0341796875 0.16145833333333334 0.0224609375 0.15625 0.0009765625 0.15625 0 0.29296875
0 0.0625 0.17838541666666666 0.05859375 0.17057291666666666 0.0625 0.15494791666666666 0.0654296875 0.15104166666666666 0.0908203125 0.15104166666666666 0.1171875 0.10546875 0.125 0.06901041666666667 0.123046875 0.016927083333333332 0.1318359375 0.013020833333333334 0.1376953125 0 0 0.0013020833333333333 0 0.15234375 0.0302734375 0.15885416666666666 0.0498046875 0.1796875
0 0.001953125 0.3502604166666667 0.017578125 0.3268229166666667 0.0166015625 0.296875 0 0.2955729166666667