0 0.2265625 0.30078125 0.2373046875 0.296875 0.251953125 0.2799479166666667 0.255859375 0.23567708333333334 0.25 0.21484375 0.2392578125 0.20052083333333334 0.2314453125 0.1953125 0.2119140625 0.1953125 0.19140625 0.21744791666666666 0.185546875 0.24088541666666666 0.185546875 0.2591145833333333 0.19140625 0.27734375 0.2041015625 0.2942708333333333 0.2177734375 0.3020833333333333
0 0.138671875 0.34765625 0.1572265625 0.3359375 0.166015625 0.3190104166666667 0.16796875 0.28515625 0.162109375 0.2643229166666667 0.1455078125 0.23697916666666666 0.1103515625 0.23177083333333334 0.0927734375 0.23958333333333334 0.078125 0.26953125 0.076171875 0.2903645833333333 0.083984375 0.3216145833333333 0.1025390625 0.34375 0.1142578125 0.3489583333333333
0 0.19921875 0.4908854166666667 0.244140625 0.4518229166666667 0.251953125 0.42578125 0.251953125 0.3919270833333333 0.244140625 0.37109375 0.2294921875 0.3515625 0.1962890625 0.34375 0.1923828125 0.3359375 0.1826171875 0.3307291666666667 0.173828125 0.3450520833333333 0.17578125 0.3580729166666667 0.1640625 0.37109375 0.154296875 0.39453125 0.1484375 0.42578125 0.1572265625 0.4505208333333333 0.1748046875 0.4635416666666667 0.1904296875 0.4921875
0 0.173828125 0.56640625 0.1845703125 0.5598958333333334 0.19921875 0.5377604166666666 0.19921875 0.52734375 0.189453125 0.5091145833333334 0.1806640625 0.4947916666666667 0.1650390625 0.4895833333333333 0.1513671875 0.4895833333333333 0.1357421875 0.4973958333333333 0.123046875 0.51953125 0.126953125 0.5455729166666666 0.1455078125 0.5651041666666666
0 0.068359375 0.56640625 0.0810546875 0.5651041666666666 0.0986328125 0.5546875 0.1171875 0.5325520833333334 0.12890625 0.50390625 0.130859375 0.4622395833333333 0.12109375 0.4309895833333333 0.1064453125 0.4088541666666667 0.0849609375 0.3932291666666667 0.0673828125 0.3880208333333333 0.0341796875 0.3958333333333333 0.0166015625 0.4114583333333333 0.005859375 0.4283854166666667 0 0.44140625 0 0.5143229166666666 0.005859375 0.5299479166666666 0.0302734375 0.5598958333333334 0.0498046875 0.5677083333333334
0 0.02734375 0.7330729166666666 0.0458984375 0.7239583333333334 0.06640625 0.6966145833333334 0.072265625 0.6653645833333334 0.0703125 0.6419270833333334 0.0625 0.6184895833333334 0.0419921875 0.59375 0.0322265625 0.5885416666666666 0.0029296875 0.5885416666666666 0 0.5924479166666666 0 0.73046875 0.0029296875 0.734375
0 0.029296875 0.8294270833333334 0.0439453125 0.8229166666666666 0.052734375 0.8111979166666666 0.05859375 0.7955729166666666 0.068359375 0.78515625 0.0703125 0.76953125 0.0673828125 0.7630208333333334 0.0537109375 0.7578125 0.0341796875 0.734375 0.0029296875 0.7369791666666666 0 0.7408854166666666 0 0.8216145833333334
0 0.087890625 0.91796875 0.1171875 0.88671875 0.109375 0.8424479166666666 0.0947265625 0.8255208333333334 0.0830078125 0.8203125 0.0654296875 0.8229166666666666 0.0498046875 0.8385416666666666 0.0322265625 0.8385416666666666 0.029296875 0.8528645833333334 0.0390625 0.8658854166666666 0.044921875 0.8971354166666666 0.0654296875 0.9192708333333334
0 0.158203125 0.76953125 0.1748046875 0.7682291666666666 0.181640625 0.7565104166666666 0.181640625 0.72265625 0.193359375 0.6705729166666666 0.1875 0.6315104166666666 0.1689453125 0.6067708333333334 0.1494140625 0.5911458333333334 0.1220703125 0.5885416666666666 0.1005859375 0.6015625 0.087890625 0.6236979166666666 0.08203125 0.65234375 0.0859375 0.6940104166666666 0.09375 0.7122395833333334 0.11328125 0.7356770833333334 0.1171875 0.7486979166666666 0.1279296875 0.7630208333333334 0.1435546875 0.7708333333333334
0 0.341796875 0.31640625 0.3740234375 0.3046875 0.3984375 0.27734375 0.41015625 0.24088541666666666 0.408203125 0.19401041666666666 0.396484375 0.16796875 0.3623046875 0.1328125 0.3408203125 0.125 0.2998046875 0.12760416666666666 0.267578125 0.17317708333333334 0.2578125 0.20703125 0.26171875 0.24088541666666666 0.27734375 0.2799479166666667 0.2998046875 0.3072916666666667 0.3232421875 0.3177083333333333
0 0.3828125 0.12369791666666667 0.3955078125 0.11979166666666667 0.4150390625 0.1015625 0.427734375 0.07421875 0.431640625 0.037760416666666664 0.419921875 0.0013020833333333333 0.3271484375 0 0.3203125 0.024739583333333332 0.3203125 0.048177083333333336 0.330078125 0.07942708333333333 0.3583984375 0.1171875 0.3701171875 0.125
0 0.48828125 0.07942708333333333 0.4931640625 0.078125 0.501953125 0.055989583333333336 0.521484375 0.03515625 0.515625 0.0013020833333333333 0.4443359375 0 0.4453125 0.029947916666666668 0.4609375 0.05078125 0.4609375 0.061197916666666664 0.4677734375 0.0625 0.4794921875 0.078125
0 0.482421875 0.2513020833333333 0.486328125 0.24088541666666666 0.501953125 0.22526041666666666 0.51171875 0.19401041666666666 0.5078125 0.16796875 0.49609375 0.14192708333333334 0.494140625 0.12630208333333334 0.4794921875 0.1171875 0.4716796875 0.125 0.4482421875 0.1171875 0.4384765625 0.11979166666666667 0.4052734375 0.14583333333333334 0.3984375 0.17057291666666666 0.41015625 0.19921875 0.412109375 0.21744791666666666 0.4345703125 0.23958333333333334 0.4501953125 0.23958333333333334
0 0.4453125 0.3815104166666667 0.4560546875 0.3802083333333333 0.4716796875 0.3697916666666667 0.4794921875 0.3697916666666667 0.4873046875 0.3802083333333333 0.4970703125 0.375 0.5087890625 0.3776041666666667 0.5234375 0.3658854166666667 0.5234375 0.35546875 0.5107421875 0.3359375 0.5 0.3294270833333333 0.498046875 0.2981770833333333 0.490234375 0.2721354166666667 0.4697265625 0.24739583333333334 0.4423828125 0.23958333333333334 0.4189453125 0.24739583333333334 0.40625 0.2591145833333333 0.39453125 0.2877604166666667 0.39453125 0.31640625 0.400390625 0.34765625 0.4130859375 0.3723958333333333 0.4345703125 0.3828125
0 0.439453125 0.5013020833333334 0.4609375 0.4830729166666667 0.474609375 0.4518229166666667 0.470703125 0.4153645833333333 0.462890625 0.3971354166666667 0.4501953125 0.3828125 0.4326171875 0.3828125 0.4130859375 0.3723958333333333 0.4033203125 0.3723958333333333 0.3896484375 0.3828125 0.373046875 0.4127604166666667 0.373046875 0.4544270833333333 0.3828125 0.4778645833333333 0.3974609375 0.4947916666666667 0.4091796875 0.5026041666666666
0 0.322265625 0.4205729166666667 0.3408203125 0.4114583333333333 0.353515625 0.39453125 0.357421875 0.3815104166666667 0.357421875 0.35546875 0.34765625 0.33203125 0.3369140625 0.3203125 0.3056640625 0.3098958333333333 0.2880859375 0.3125 0.265625 0.33984375 0.263671875 0.3658854166666667 0.267578125 0.37890625 0.2734375 0.39453125 0.2900390625 0.4140625 0.3095703125 0.421875
0 0.25390625 0.10026041666666667 0.2705078125 0.09114583333333333 0.2890625 0.05859375 0.2890625 0.024739583333333332 0.2744140625 0 0.2373046875 0.0026041666666666665 0.2216796875 0.026041666666666668 0.2099609375 0.026041666666666668 0.205078125 0.032552083333333336 0.21484375 0.05859375 0.21484375 0.07682291666666667 0.208984375 0.08723958333333333 0.2109375 0.09505208333333333 0.2177734375 0.1015625 0.2294921875 0.09375 0.2451171875 0.1015625
0 0.548828125 0.37109375 0.5869140625 0.3567708333333333 0.59765625 0.3424479166666667 0.607421875 0.3111979166666667 0.607421875 0.27734375 0.599609375 0.25390625 0.5869140625 0.234375 0.5673828125 0.21875 0.5458984375 0.21875 0.5283203125 0.22916666666666666 0.51171875 0.2513020833333333 0.501953125 0.2799479166666667 0.501953125 0.3138020833333333 0.5078125 0.3346354166666667 0.51953125 0.3450520833333333 0.5322265625 0.3697916666666667
0 0.560546875 0.21744791666666666 0.5732421875 0.20572916666666666 0.5888671875 0.203125 0.6142578125 0.18489583333333334 0.6328125 0.15494791666666666 0.640625 0.12109375 0.63671875 0.07942708333333333 0.626953125 0.053385416666666664 0.6064453125 0.028645833333333332 0.5771484375 0.015625 0.5458984375 0.018229166666666668 0.5244140625 0.033854166666666664 0.5078125 0.05859375 0.498046875 0.09505208333333333 0.5 0.13411458333333334 0.513671875 0.16796875 0.5390625 0.19661458333333334 0.5458984375 0.21875
0 0.541015625 0.6158854166666666 0.5849609375 0.5989583333333334 0.59765625 0.5794270833333334 0.59765625 0.5533854166666666 0.591796875 0.51953125 0.580078125 0.48828125 0.5595703125 0.4609375 0.544921875 0.4518229166666667 0.54296875 0.4309895833333333 0.5302734375 0.4140625 0.5166015625 0.4140625 0.4990234375 0.4427083333333333 0.4833984375 0.4453125 0.46875 0.4674479166666667 0.466796875 0.5091145833333334 0.47265625 0.5247395833333334 0.470703125 0.56640625 0.4765625 0.5872395833333334 0.4892578125 0.5989583333333334 0.5224609375 0.6171875
0 0.626953125 0.5065104166666666 0.6328125 0.4986979166666667 0.630859375 0.4856770833333333 0.638671875 0.4674479166666667 0.63671875 0.44921875 0.62890625 0.4309895833333333 0.6220703125 0.421875 0.5927734375 0.421875 0.5869140625 0.4010416666666667 0.5712890625 0.3984375 0.564453125 0.41015625 0.564453125 0.4231770833333333 0.578125 0.4361979166666667 0.568359375 0.4596354166666667 0.5703125 0.4752604166666667 0.580078125 0.4856770833333333 0.583984375 0.5013020833333334 0.5908203125 0.5078125 0.6064453125 0.5078125 0.6123046875 0.5026041666666666 0.6162109375 0.5078125
0 0.685546875 0.46484375 0.6923828125 0.4635416666666667 0.7041015625 0.4505208333333333 0.7158203125 0.453125 0.732421875 0.4361979166666667 0.73046875 0.4231770833333333 0.724609375 0.41796875 0.7265625 0.3763020833333333 0.716796875 0.3528645833333333 0.7060546875 0.3411458333333333 0.6865234375 0.3255208333333333 0.6630859375 0.3203125 0.6572265625 0.3020833333333333 0.6435546875 0.296875 0.634765625 0.30859375 0.638671875 0.3346354166666667 0.62109375 0.3502604166666667 0.62109375 0.3997395833333333 0.625 0.4231770833333333 0.6513671875 0.4609375 0.6611328125 0.4661458333333333
0 0.71875 0.3216145833333333 0.7392578125 0.3098958333333333 0.74609375 0.2955729166666667 0.734375 0.2721354166666667 0.736328125 0.25390625 0.74609375 0.24088541666666666 0.734375 0.19401041666666666 0.720703125 0.15234375 0.7021484375 0.11979166666666667 0.6767578125 0.10416666666666667 0.6552734375 0.10677083333333333 0.640625 0.12109375 0.630859375 0.15755208333333334 0.630859375 0.18098958333333334 0.63671875 0.20703125 0.673828125 0.2903645833333333 0.6943359375 0.3151041666666667
0 0.72265625 0.08984375 0.734375 0.07942708333333333 0.748046875 0.045572916666666664 0.7421875 0.0013020833333333333 0.6767578125 0 0.666015625 0.016927083333333332 0.6640625 0.037760416666666664 0.6884765625 0.06770833333333333
0 0.01953125 0.17838541666666666 0.0341796875 0.16927083333333334 0.0595703125 0.17708333333333334 0.0673828125 0.17447916666666666 0.07421875 0.16015625 0.078125 0.13411458333333334 0.076171875 0.12369791666666667 0.08203125 0.10546875 0.080078125 0.06640625 0.072265625 0.048177083333333336 0.0556640625 0.03125 0.0400390625 0.0234375 0.0146484375 0.026041666666666668 0 0.040364583333333336 0 0.17838541666666666
0 0.0390625 0.2721354166666667 0.0576171875 0.2630208333333333 0.072265625 0.23828125 0.076171875 0.22005208333333334 0.0703125 0.18619791666666666 0.0634765625 0.17708333333333334 0.0380859375 0.16927083333333334 0.0205078125 0.1796875 0.0009765625 0.18229166666666666 0 0.2565104166666667 0.0126953125 0.2708333333333333 0.0322265625 0.2682291666666667
0 0.046875 0.3893229166666667 0.0654296875 0.3802083333333333 0.080078125 0.36328125 0.0859375 0.3450520833333333 0.0859375 0.3294270833333333 0.076171875 0.2981770833333333 0.0595703125 0.2786458333333333 0.0458984375 0.2708333333333333 0.0361328125 0.2734375 0.0322265625 0.2682291666666667 0.0166015625 0.2682291666666667 0.009765625 0.2747395833333333 0 0.2981770833333333 0 0.37109375 0.0068359375 0.3802083333333333 0.0283203125 0.390625
0 0.12109375 0.12369791666666667 0.1328125 0.11328125 0.134765625 0.10026041666666667 0.1484375 0.08203125 0.142578125 0.055989583333333336 0.125 0.037760416666666664 0.1201171875 0.0234375 0.1064453125 0.026041666666666668 0.1005859375 0.036458333333333336 0.0810546875 0.036458333333333336 0.078125 0.045572916666666664 0.083984375 0.055989583333333336 0.080078125 0.07161458333333333 0.083984375 0.10546875 0.1005859375 0.12239583333333333
0 0.1796875 0.029947916666666668 0.2080078125 0.018229166666666668 0.220703125 0.0013020833333333333 0.130859375 0.0013020833333333333 0.1376953125 0.013020833333333334 0.1572265625 0.026041666666666668
0 0.248046875 0.68359375 0.255859375 0.6783854166666666 0.255859375 0.65234375 0.25 0.6341145833333334 0.251953125 0.60546875 0.244140625 0.57421875 0.2685546875 0.5729166666666666 0.2978515625 0.5520833333333334 0.3193359375 0.5546875 0.3203125 0.5481770833333334 0.3076171875 0.5390625 0.2919921875 0.5364583333333334 0.2822265625 0.5208333333333334 0.2705078125 0.5234375 0.2490234375 0.5104166666666666 0.2216796875 0.5052083333333334 0.216796875 0.5091145833333334 0.216796875 0.5169270833333334 0.224609375 0.5221354166666666 0.224609375 0.53515625 0.2392578125 0.5390625 0.2421875 0.5455729166666666 0.2333984375 0.5546875 0.2041015625 0.5520833333333334 0.1884765625 0.5625 0.17578125 0.58203125 0.173828125 0.61328125 0.1904296875 0.6354166666666666 0.2119140625 0.6536458333333334 0.2255859375 0.6744791666666666 0.2392578125 0.6848958333333334
0 0.296875 0.5143229166666666 0.3115234375 0.5078125 0.322265625 0.4908854166666667 0.322265625 0.4700520833333333 0.3134765625 0.4505208333333333 0.2900390625 0.4322916666666667 0.2705078125 0.4322916666666667 0.24609375 0.44921875 0.244140625 0.4674479166666667 0.2646484375 0.5026041666666666 0.2822265625 0.5130208333333334
0 0.31640625 0.69921875 0.3291015625 0.6953125 0.345703125 0.6731770833333334 0.3515625 0.6497395833333334 0.3515625 0.6263020833333334 0.34375 0.6106770833333334 0.3251953125 0.5911458333333334 0.2900390625 0.5833333333333334 0.267578125 0.62109375 0.267578125 0.6653645833333334 0.2939453125 0.6979166666666666
0 0.279296875 0.77734375 0.2958984375 0.7708333333333334 0.302734375 0.7591145833333334 0.302734375 0.7200520833333334 0.296875 0.7044270833333334 0.2744140625 0.6796875 0.2548828125 0.6796875 0.240234375 0.6966145833333334 0.236328125 0.7122395833333334 0.23828125 0.7278645833333334 0.2412109375 0.7369791666666666 0.2431640625 0.7317708333333334 0.248046875 0.7356770833333334 0.24609375 0.7486979166666666 0.2607421875 0.7708333333333334
0 0.24609375 0.8890509878077978 0.24960010044514783 0.881887383532051 0.248046875 0.8734259878077978 0.2414294880138174 0.8672151220406988 0.244140625 0.863009321141131 0.2529296875 0.851290571141131 0.2685546875 0.8564989044744644 0.2748652656559747 0.8583961292365027 0.279296875 0.8525926544744644 0.27734375 0.839571821141131 0.2685546875 0.827853071141131 0.2578125 0.8265509878077978 0.2578125 0.7874884878077978 0.2548828125 0.780978071141131 0.2412109375 0.780978071141131 0.23640220323547617 0.7924159907426681 0.2270334042697541 0.7891800373221267 0.2119140625 0.796603071141131 0.193359375 0.8265509878077978 0.193359375 0.8499884878077978 0.2041015625 0.8695197378077978 0.2138671875 0.874728071141131 0.2314453125 0.874728071141131 0.2314361024503805 0.886748111884335 0.2373046875 0.890353071141131
0 0.365234375 0.87890625 0.3720703125 0.8776041666666666 0.3798828125 0.8619791666666666 0.40234375 0.83984375 0.41015625 0.81640625 0.412109375 0.78515625 0.404296875 0.76171875 0.3818359375 0.7369791666666666 0.3466796875 0.7317708333333334 0.3212890625 0.75 0.298828125 0.7825520833333334 0.291015625 0.8111979166666666 0.291015625 0.8294270833333334 0.294921875 0.8424479166666666 0.3115234375 0.8619791666666666
0 0.150390625 0.9752604166666666 0.154296875 0.96484375 0.15234375 0.9596354166666666 0.1708984375 0.9453125 0.189453125 0.91015625 0.1875 0.88671875 0.1787109375 0.8776041666666666 0.1689453125 0.8776041666666666 0.1611328125 0.8671875 0.1533203125 0.8671875 0.1484375 0.8815104166666666 0.1298828125 0.8958333333333334 0.11328125 0.9231770833333334 0.1171875 0.9466145833333334 0.134765625 0.96484375 0.13671875 0.9752604166666666
0 0.248046875 0.99609375 0.2529296875 0.9921875 0.2666015625 0.9947916666666666 0.271484375 0.98828125 0.267578125 0.9752604166666666 0.271484375 0.9283854166666666 0.2587890625 0.9036458333333334 0.2158203125 0.8776041666666666 0.2109375 0.8841145833333334 0.212890625 0.89453125 0.189453125 0.9231770833333334 0.189453125 0.9622395833333334 0.197265625 0.98046875 0.2138671875 0.9973958333333334
0 0.345703125 0.99609375 0.357421875 0.9778645833333334 0.36328125 0.9596354166666666 0.361328125 0.9361979166666666 0.35546875 0.9205729166666666 0.3310546875 0.8984375 0.3017578125 0.8984375 0.2900390625 0.90625 0.2734375 0.93359375 0.26953125 0.9544270833333334 0.271484375 0.9778645833333334 0.279296875 0.9934895833333334 0.2822265625 0.9973958333333334
0 0.46875 0.96484375 0.4892578125 0.9557291666666666 0.49609375 0.9466145833333334 0.51171875 0.9075520833333334 0.51171875 0.8815104166666666 0.4990234375 0.8567708333333334 0.4755859375 0.8463541666666666 0.4560546875 0.8151041666666666 0.4423828125 0.8151041666666666 0.431640625 0.8268229166666666 0.4296875 0.8450520833333334 0.4150390625 0.859375 0.39453125 0.8919270833333334 0.388671875 0.9075520833333334 0.388671875 0.9283854166666666 0.4033203125 0.953125 0.4150390625 0.9609375 0.4287109375 0.9661458333333334
0 0.4140625 0.9986979166666666 0.4501953125 0.9973958333333334 0.451171875 0.9934895833333334 0.4404296875 0.9661458333333334 0.4130859375 0.9609375 0.3916015625 0.9375 0.3701171875 0.9505208333333334 0.359375 0.98046875 0.349609375 0.9908854166666666 0.3525390625 1
0 0.599609375 0.98046875 0.6142578125 0.9713541666666666 0.625 0.9544270833333334 0.630859375 0.9361979166666666 0.62890625 0.90234375 0.6123046875 0.875 0.5966796875 0.8645833333333334 0.5771484375 0.8645833333333334 0.5595703125 0.875 0.546875 0.89453125 0.54296875 0.9075520833333334 0.54296875 0.93359375 0.560546875 0.9544270833333334 0.5693359375 0.9791666666666666
0 0.560546875 0.9986979166666666 0.5703125 0.99609375 0.568359375 0.9752604166666666 0.560546875 0.9544270833333334 0.5498046875 0.9401041666666666 0.5302734375 0.9270833333333334 0.5087890625 0.9322916666666666 0.5009765625 0.9375 0.49609375 0.9518229166666666 0.4892578125 0.9583333333333334 0.470703125 0.96484375 0.474609375 0.9778645833333334 0.46875 0.9856770833333334 0.4775390625 0.9973958333333334
0 0.525390625 0.8841145833333334 0.5361328125 0.8828125 0.5517578125 0.8723958333333334 0.564453125 0.85546875 0.57421875 0.8294270833333334 0.57421875 0.79296875 0.564453125 0.7669270833333334 0.5537109375 0.7526041666666666 0.5439453125 0.7447916666666666 0.5283203125 0.7526041666666666 0.5166015625 0.7369791666666666 0.4912109375 0.7473958333333334 0.474609375 0.7669270833333334 0.46484375 0.7955729166666666 0.46484375 0.8216145833333334 0.4775390625 0.8463541666666666 0.4990234375 0.8567708333333334 0.5146484375 0.8854166666666666
0 0.716796875 0.9986979166666666 0.7431640625 0.9973958333333334 0.75 0.9778645833333334 0.75 0.9544270833333334 0.744140625 0.9361979166666666 0.7353515625 0.9244791666666666 0.7236328125 0.9192708333333334 0.7177734375 0.90625 0.7060546875 0.9010416666666666 0.6943359375 0.9244791666666666 0.677734375 0.93359375 0.67578125 0.9466145833333334 0.681640625 0.9518229166666666 0.68359375 0.9778645833333334 0.6923828125 0.9973958333333334
0 0.7265625 0.9075520833333334 0.75 0.87890625 0.74609375 0.8450520833333334 0.7353515625 0.828125 0.7236328125 0.8203125 0.7001953125 0.8203125 0.6787109375 0.8463541666666666 0.66796875 0.8528645833333334 0.66796875 0.8658854166666666 0.6748046875 0.8697916666666666 0.6796875 0.8841145833333334 0.6962890625 0.9036458333333334 0.7119140625 0.9010416666666666 0.7197265625 0.9088541666666666
0 0.791015625 0.89453125 0.8017578125 0.8880208333333334 0.80859375 0.8763020833333334 0.810546875 0.85546875 0.806640625 0.8372395833333334 0.7880859375 0.8098958333333334 0.7685546875 0.8072916666666666 0.7548828125 0.8177083333333334 0.748046875 0.8294270833333334 0.74609375 0.8450520833333334 0.75 0.86328125 0.7666015625 0.8880208333333334 0.7822265625 0.8958333333333334
0 0.875 0.99609375 0.9052734375 0.984375 0.9228515625 0.9635416666666666 0.935546875 0.9440104166666666 0.939453125 0.91015625 0.939453125 0.8997395833333334 0.9296875 0.87109375 0.9130859375 0.8489583333333334 0.8974609375 0.8411458333333334 0.8876953125 0.8229166666666666 0.8740234375 0.8255208333333334 0.8681640625 0.8359375 0.8486328125 0.84375 0.826171875 0.8684895833333334 0.81640625 0.8997395833333334 0.8203125 0.9544270833333334 0.806640625 0.97265625 0.8134765625 0.9973958333333334
0 1 0.99609375 0.9990234375 0.9583333333333334 0.9853515625 0.9583333333333334 0.9716796875 0.9661458333333334 0.9609375 0.9778645833333334 0.953125 0.99609375
0 1 0.9544270833333334 0.9990234375 0.8203125 0.9794921875 0.8307291666666666 0.96875 0.8450520833333334 0.9609375 0.8658854166666666 0.958984375 0.8841145833333334 0.9609375 0.9049479166666666 0.974609375 0.9361979166666666 0.9853515625 0.9479166666666666
0 0.966796875 0.8033854166666666 0.9814453125 0.796875 0.994140625 0.7799479166666666 1 0.76171875 0.998046875 0.7096354166666666 0.984375 0.66796875 0.9599609375 0.6276041666666666 0.9326171875 0.6067708333333334 0.9091796875 0.609375 0.888671875 0.6315104166666666 0.8828125 0.6471354166666666 0.880859375 0.68359375 0.88671875 0.7122395833333334 0.904296875 0.7565104166666666 0.9228515625 0.7838541666666666 0.9404296875 0.7994791666666666 0.9521484375 0.8046875
0 0.7734375 0.7721354166666666 0.8095703125 0.7630208333333334 0.8271484375 0.7630208333333334 0.8369140625 0.7682291666666666 0.8681640625 0.7630208333333334 0.884765625 0.7434895833333334 0.890625 0.7252604166666666 0.880859375 0.6861979166666666 0.8662109375 0.6666666666666666 0.8349609375 0.6510416666666666 0.8037109375 0.6197916666666666 0.7861328125 0.609375 0.7724609375 0.6041666666666666 0.7353515625 0.6067708333333334 0.7158203125 0.6197916666666666 0.6953125 0.64453125 0.69140625 0.7044270833333334 0.701171875 0.7330729166666666 0.7236328125 0.7604166666666666 0.7509765625 0.7734375
0 0.6640625 0.8424479166666666 0.6689453125 0.8307291666666666 0.6904296875 0.8177083333333334 0.705078125 0.7877604166666666 0.701171875 0.7408854166666666 0.69140625 0.7044270833333334 0.6669921875 0.6822916666666666 0.6220703125 0.6822916666666666 0.6064453125 0.671875 0.599609375 0.7044270833333334 0.57421875 0.7356770833333334 0.58203125 0.7486979166666666 0.580078125 0.7721354166666666 0.591796875 0.8138020833333334 0.6064453125 0.8333333333333334 0.6279296875 0.8333333333333334 0.6552734375 0.84375
0 0.828125 0.62890625 0.8408203125 0.6223958333333334 0.853515625 0.6028645833333334 0.859375 0.58203125 0.859375 0.55078125 0.853515625 0.5325520833333334 0.8427734375 0.5182291666666666 0.8154296875 0.515625 0.8037109375 0.5234375 0.791015625 0.54296875 0.787109375 0.5794270833333334 0.79296875 0.6028645833333334 0.8037109375 0.6197916666666666 0.8173828125 0.6302083333333334
0 0.91015625 0.6080729166666666 0.9365234375 0.6067708333333334 0.94921875 0.58984375 0.955078125 0.5690104166666666 0.955078125 0.54296875 0.94921875 0.52734375 0.9365234375 0.5078125 0.9228515625 0.5 0.9052734375 0.5 0.8916015625 0.5078125 0.876953125 0.5377604166666666 0.876953125 0.5716145833333334 0.8828125 0.58984375 0.8916015625 0.6015625 0.9033203125 0.609375
0 1 0.59765625 1 0.4622395833333333 0.9873046875 0.4557291666666667 0.9619140625 0.4609375 0.953125 0.4778645833333333 0.951171875 0.5247395833333334 0.96875 0.5611979166666666 0.96875 0.5716145833333334
0 0.998046875 0.4283854166666667 1 0.2903645833333333 0.9873046875 0.2890625 0.9658203125 0.2994791666666667 0.94921875 0.31640625 0.9375 0.3450520833333333 0.935546875 0.3736979166666667 0.9541015625 0.421875 0.9755859375 0.4296875
0 0.8515625 0.4544270833333333 0.8662109375 0.4505208333333333 0.8857421875 0.4348958333333333 0.90234375 0.4049479166666667 0.904296875 0.3919270833333333 0.904296875 0.36328125 0.8984375 0.3424479166666667 0.8876953125 0.3255208333333333 0.8681640625 0.3177083333333333 0.8369140625 0.3177083333333333 0.8212890625 0.3255208333333333 0.802734375 0.34765625 0.79296875 0.3763020833333333 0.79296875 0.3997395833333333 0.8046875 0.4309895833333333 0.8212890625 0.4505208333333333
0 0.828125 0.3216145833333333 0.857421875 0.2721354166666667 0.857421875 0.22786458333333334 0.84375 0.19401041666666666 0.8251953125 0.1796875 0.8154296875 0.1640625 0.8076171875 0.16145833333333334 0.765625 0.20703125 0.7578125 0.23828125 0.73828125 0.2513020833333333 0.734375 0.2721354166666667 0.7431640625 0.2890625 0.7568359375 0.2916666666666667 0.7578125 0.3059895833333333 0.7666015625 0.3151041666666667 0.7919921875 0.3098958333333333 0.8037109375 0.3151041666666667 0.8076171875 0.3229166666666667
0 0.896484375 0.2825520833333333 0.9013671875 0.28125 0.9072265625 0.2682291666666667 0.9189453125 0.2682291666666667 0.9345703125 0.2578125 0.96875 0.21223958333333334 0.974609375 0.19140625 0.974609375 0.15755208333333334 0.9638671875 0.1328125 0.9501953125 0.125 0.9287109375 0.12239583333333333 0.8896484375 0.12760416666666666 0.8701171875 0.140625 0.857421875 0.16015625 0.85546875 0.17317708333333334 0.84765625 0.18098958333333334 0.845703125 0.19921875 0.875 0.24609375 0.869140625 0.2669270833333333 0.8818359375 0.2838541666666667
0 0.798828125 0.16536458333333334 0.8193359375 0.15364583333333334 0.8359375 0.13151041666666666 0.84375 0.10546875 0.84375 0.07942708333333333 0.8359375 0.053385416666666664 0.8232421875 0.036458333333333336 0.8017578125 0.0234375 0.7822265625 0.0234375 0.7607421875 0.033854166666666664 0.744140625 0.053385416666666664 0.732421875 0.08463541666666667 0.732421875 0.10546875 0.740234375 0.13411458333333334 0.7568359375 0.15625 0.7802734375 0.16666666666666666
0 0.92578125 0.11848958333333333 0.9462890625 0.1171875 0.9599609375 0.10677083333333333 0.966796875 0.09505208333333333 0.970703125 0.07421875 0.96484375 0.053385416666666664 0.962890625 0.014322916666666666 0.9521484375 0 0.8935546875 0 0.8828125 0.022135416666666668 0.880859375 0.03515625 0.884765625 0.07421875 0.9072265625 0.109375 0.9150390625 0.1171875
0 1 0.10026041666666667 1 0.0013020833333333333 0.9755859375 0 0.9716796875 0.010416666666666666 0.9619140625 0.0078125 0.96484375 0.032552083333333336 0.970703125 0.03515625 0.98046875 0.06901041666666667
0 1 0.24869791666666666 0.9990234375 0.15104166666666666 0.986328125 0.17578125 0.982421875 0.20442708333333334 0.98828125 0.23046875
0 0.70703125 0.5533854166666666 0.7265625 0.53515625 0.728515625 0.4986979166666667 0.72265625 0.4830729166666667 0.7099609375 0.46875 0.6962890625 0.4635416666666667 0.6787109375 0.46875 0.662109375 0.4908854166666667 0.662109375 0.52734375 0.6787109375 0.5520833333333334
0 0.75390625 0.5794270833333334 0.7568359375 0.5729166666666666 0.7666015625 0.578125 0.7802734375 0.5651041666666666 0.7890625 0.5533854166666666 0.79296875 0.53515625 0.8056640625 0.5208333333333334 0.8173828125 0.515625 0.8203125 0.50390625 0.8173828125 0.5 0.7880859375 0.4973958333333333 0.7822265625 0.4895833333333333 0.7744140625 0.4895833333333333 0.7568359375 0.4765625 0.7451171875 0.4791666666666667 0.748046875 0.50390625 0.728515625 0.5247395833333334 0.7265625 0.5403645833333334 0.732421875 0.5455729166666666 0.734375 0.5690104166666666 0.7490234375 0.5807291666666666
0 0.455078125 0.7513020833333334 0.4794921875 0.7395833333333334 0.498046875 0.70703125 0.498046875 0.6705729166666666 0.4775390625 0.6380208333333334 0.4599609375 0.6276041666666666 0.4365234375 0.6328125 0.3984375 0.6888020833333334 0.4150390625 0.7317708333333334 0.4306640625 0.7447916666666666
0 0.404296875 0.6627604166666666 0.4169921875 0.6588541666666666 0.431640625 0.6393229166666666 0.439453125 0.60546875 0.4453125 0.59765625 0.4453125 0.57421875 0.44140625 0.5638020833333334 0.4326171875 0.5494791666666666 0.3935546875 0.5286458333333334 0.3701171875 0.53125 0.3486328125 0.5442708333333334 0.3359375 0.5638020833333334 0.3359375 0.5872395833333334 0.35546875 0.63671875 0.3701171875 0.65625 0.3896484375 0.6640625
0 1 0.7044270833333334 1 0.6002604166666666 0.9912109375 0.5989583333333334 0.982421875 0.6080729166666666 0.982421875 0.62109375 0.9921875 0.6315104166666666 0.986328125 0.6705729166666666 0.99609375 0.7018229166666666
0 0.185546875 0.8424479166666666 0.19140625 0.8372395833333334 0.1953125 0.8190104166666666 0.20703125 0.8033854166666666 0.2099609375 0.7916666666666666 0.2197265625 0.7890625 0.2255859375 0.7786458333333334 0.2333984375 0.7838541666666666 0.244140625 0.7799479166666666 0.2451171875 0.7317708333333334 0.2236328125 0.7395833333333334 0.2119140625 0.7369791666666666 0.20703125 0.7486979166666666 0.197265625 0.7565104166666666 0.193359375 0.7669270833333334 0.1943359375 0.78125 0.1845703125 0.78125 0.1787109375 0.7916666666666666 0.1630859375 0.7916666666666666 0.154296875 0.80078125 0.1640625 0.8372395833333334 0.1728515625 0.84375
0 0.078125 0.99609375 0.080078125 0.98046875 0.087890625 0.9700520833333334 0.080078125 0.9466145833333334 0.0654296875 0.9270833333333334 0.0478515625 0.9192708333333334 0.0361328125 0.9010416666666666 0.0283203125 0.8984375 0.0185546875 0.9036458333333334 0.013671875 0.9153645833333334 0.017578125 0.9309895833333334 0.0078125 0.9674479166666666 0.0078125 0.9856770833333334 0.01171875 0.99609375
0 0.15234375 0.9986979166666666 0.138671875 0.9778645833333334 0.13671875 0.9674479166666666 0.1279296875 0.9583333333333334 0.1162109375 0.9609375 0.111328125 0.9674479166666666 0.1083984375 0.9869791666666666 0.1005859375 0.9739583333333334 0.0908203125 0.96875 0.0849609375 0.9713541666666666 0.078125 0.9856770833333334 0.078125 0.99609375 0.0849609375 1
0 0.001953125 0.94921875 0.01171875 0.91796875 0.01171875 0.89453125 0.0009765625 0.8645833333333334
0 0.18359375 0.21744791666666666 0.1982421875 0.2109375 0.212890625 0.19401041666666666 0.220703125 0.17057291666666666 0.21875 0.12890625 0.2109375 0.11067708333333333 0.1884765625 0.08854166666666667 0.1455078125 0.08854166666666667 0.134765625 0.10026041666666667 0.125 0.13932291666666666 0.126953125 0.17578125 0.1328125 0.18619791666666666 0.130859375 0.19661458333333334 0.1611328125 0.21614583333333334
0 0.76953125 0.4049479166666667 0.7646484375 0.390625 0.755859375 0.39453125 0.7587890625 0.4036458333333333
0 0.53515625 0.7513020833333334 0.5400390625 0.7369791666666666 0.5576171875 0.7395833333333334 0.5771484375 0.7317708333333334 0.599609375 0.69921875 0.603515625 0.6809895833333334 0.6015625 0.6575520833333334 0.591796875 0.62890625 0.5712890625 0.6119791666666666 0.5283203125 0.6171875 0.513671875 0.6419270833333334 0.501953125 0.6731770833333334 0.5 0.7122395833333334 0.521484375 0.73046875 0.51953125 0.73828125 0.5283203125 0.7526041666666666