0 0.00390625 0.09505208333333333 0.0205078125 0.09114583333333333 0.044921875 0.06380208333333333 0.056640625 0.029947916666666668 0.056640625 0.01171875 0.0517578125 0 0 0.0013020833333333333 0 0.09505208333333333
0 0.025390625 0.3294270833333333 0.0517578125 0.3151041666666667 0.072265625 0.28515625 0.08203125 0.23567708333333334 0.080078125 0.20963541666666666 0.06640625 0.17578125 0.0458984375 0.15364583333333334 0.0224609375 0.14322916666666666 0.0009765625 0.14322916666666666 0 0.3294270833333333
0 0.158203125 0.3580729166666667 0.1708984375 0.3567708333333333 0.1904296875 0.34375 0.212890625 0.31640625 0.224609375 0.29296875 0.2265625 0.24348958333333334 0.2353515625 0.23958333333333334 0.251953125 0.21484375 0.2392578125 0.19010416666666666 0.2236328125 0.19270833333333334 0.2177734375 0.18489583333333334 0.1982421875 0.1875 0.1787109375 0.17447916666666666 0.1630859375 0.171875 0.1435546875 0.17447916666666666 0.1103515625 0.19791666666666666 0.08203125 0.24088541666666666 0.080078125 0.2825520833333333 0.083984375 0.30078125 0.099609375 0.3346354166666667 0.1259765625 0.3567708333333333
0 0.283203125 0.3424479166666667 0.3037109375 0.3359375 0.326171875 0.3111979166666667 0.3359375 0.2825520833333333 0.3359375 0.2591145833333333 0.328125 0.23567708333333334 0.3154296875 0.21875 0.2998046875 0.20833333333333334 0.2763671875 0.20572916666666666 0.2685546875 0.1875 0.2568359375 0.1875 0.248046875 0.19921875 0.251953125 0.21484375 0.248046875 0.22526041666666666 0.240234375 0.23307291666666666 0.2265625 0.2643229166666667 0.2265625 0.2903645833333333 0.232421875 0.3111979166666667 0.2470703125 0.3307291666666667 0.2626953125 0.3411458333333333
0 0.125 0.18619791666666666 0.1455078125 0.17447916666666666 0.154296875 0.15234375 0.154296875 0.13411458333333334 0.142578125 0.11328125 0.1357421875 0.109375 0.1220703125 0.109375 0.1064453125 0.1171875 0.09375 0.14192708333333334 0.107421875 0.17057291666666666
0 0.10546875 0.11848958333333333 0.1240234375 0.109375 0.13671875 0.09244791666666667 0.134765625 0.06901041666666667 0.142578125 0.03515625 0.1201171875 0.0026041666666666665 0.0927734375 0 0.0751953125 0.010416666666666666 0.05859375 0.03515625 0.0546875 0.06901041666666667 0.060546875 0.09244791666666667 0.0771484375 0.11458333333333333 0.0869140625 0.11979166666666667
0 0.205078125 0.15234375 0.2275390625 0.140625 0.2490234375 0.11458333333333333 0.2607421875 0.109375 0.27734375 0.06901041666666667 0.265625 0.06380208333333333 0.251953125 0.022135416666666668 0.2333984375 0 0.1689453125 0 0.1484375 0.024739583333333332 0.13671875 0.061197916666666664 0.138671875 0.10286458333333333 0.14453125 0.11848958333333333 0.1650390625 0.14322916666666666 0.1904296875 0.15364583333333334
0 0.32421875 0.13411458333333334 0.3369140625 0.12760416666666666 0.34765625 0.11328125 0.353515625 0.08723958333333333 0.3515625 0.06640625 0.345703125 0.05078125 0.3349609375 0.0390625 0.3232421875 0.033854166666666664 0.2978515625 0.033854166666666664 0.279296875 0.05859375 0.275390625 0.08463541666666667 0.27734375 0.09765625 0.2958984375 0.13020833333333334 0.3056640625 0.13541666666666666
0 0.30859375 0.01171875 0.328125 0.0013020833333333333 0.23828125 0.0013020833333333333 0.2451171875 0.010416666666666666 0.2880859375 0.0078125 0.2978515625 0.013020833333333334
0 0.296875 0.4622395833333333 0.3037109375 0.4609375 0.328125 0.4205729166666667 0.328125 0.3893229166666667 0.3134765625 0.3619791666666667 0.2958984375 0.3515625 0.2783203125 0.3515625 0.2626953125 0.3619791666666667 0.25 0.3815104166666667 0.244140625 0.4075520833333333 0.24609375 0.42578125 0.2578125 0.4518229166666667 0.2646484375 0.4583333333333333 0.2744140625 0.4635416666666667
0 0.212890625 0.5247395833333334 0.2314453125 0.5130208333333334 0.265625 0.4622395833333333 0.2255859375 0.4166666666666667 0.2021484375 0.4114583333333333 0.1845703125 0.4192708333333333 0.169921875 0.4361979166666667 0.162109375 0.45703125 0.162109375 0.48828125 0.166015625 0.50390625 0.1845703125 0.5234375
0 0.1328125 0.5013020833333334 0.138671875 0.4934895833333333 0.138671875 0.4830729166666667 0.162109375 0.4596354166666667 0.173828125 0.42578125 0.173828125 0.4049479166666667 0.16796875 0.3841145833333333 0.1552734375 0.3645833333333333 0.1201171875 0.3567708333333333 0.1025390625 0.3671875 0.08984375 0.3815104166666667 0.080078125 0.4049479166666667 0.080078125 0.4361979166666667 0.0947265625 0.46875 0.1103515625 0.4817708333333333 0.1181640625 0.4817708333333333 0.12109375 0.49609375 0.1279296875 0.5026041666666666
0 0.046875 0.5403645833333334 0.0654296875 0.5338541666666666 0.087890625 0.50390625 0.091796875 0.47265625 0.0771484375 0.4348958333333333 0.0478515625 0.4140625 0.0380859375 0.4140625 0.0126953125 0.4296875 0 0.4466145833333333 0 0.51953125 0.0126953125 0.5338541666666666 0.0341796875 0.5416666666666666
0 0.00390625 0.4388020833333333 0.015625 0.42578125 0.01953125 0.38671875 0.013671875 0.36328125 0.0009765625 0.34375 0 0.4388020833333333
0 0.087890625 0.6419270833333334 0.1044921875 0.6354166666666666 0.1328125 0.5950520833333334 0.13671875 0.5794270833333334 0.126953125 0.5638020833333334 0.1171875 0.52734375 0.111328125 0.5221354166666666 0.109375 0.5065104166666666 0.1044921875 0.5026041666666666 0.0888671875 0.5052083333333334 0.0703125 0.5247395833333334 0.064453125 0.5403645833333334 0.06640625 0.5559895833333334 0.05078125 0.5716145833333334 0.04296875 0.6002604166666666 0.044921875 0.6236979166666666 0.0517578125 0.6328125 0.0712890625 0.6432291666666666
0 0.162109375 0.7565104166666666 0.1904296875 0.7421875 0.2041015625 0.7265625 0.21875 0.7018229166666666 0.228515625 0.6731770833333334 0.22265625 0.6627604166666666 0.220703125 0.64453125 0.2080078125 0.625 0.1748046875 0.6067708333333334 0.1494140625 0.6067708333333334 0.1162109375 0.6223958333333334 0.09375 0.6471354166666666 0.0859375 0.6653645833333334 0.083984375 0.68359375 0.0859375 0.69921875 0.1015625 0.7356770833333334 0.1142578125 0.75 0.1337890625 0.7578125
0 0.064453125 0.8997395833333334 0.08203125 0.8893229166666666 0.08203125 0.85546875 0.087890625 0.8190104166666666 0.0908203125 0.8125 0.1064453125 0.8125 0.115234375 0.8033854166666666 0.119140625 0.79296875 0.1171875 0.7747395833333334 0.099609375 0.76953125 0.09765625 0.7278645833333334 0.0791015625 0.6875 0.0556640625 0.6744791666666666 0.0126953125 0.6770833333333334 0 0.6861979166666666 0 0.8658854166666666 0.0458984375 0.8828125 0.0498046875 0.8932291666666666 0.0595703125 0.9010416666666666
0 0.18359375 0.9466145833333334 0.1943359375 0.9427083333333334 0.205078125 0.9283854166666666 0.216796875 0.89453125 0.216796875 0.8893229166666666 0.201171875 0.87109375 0.201171875 0.84765625 0.197265625 0.8346354166666666 0.1787109375 0.8072916666666666 0.1611328125 0.796875 0.1337890625 0.796875 0.1181640625 0.8046875 0.09375 0.83203125 0.0859375 0.8502604166666666 0.083984375 0.8919270833333334 0.091796875 0.9153645833333334 0.1103515625 0.9375 0.1259765625 0.9453125 0.1494140625 0.9453125 0.1669921875 0.9375 0.1767578125 0.9479166666666666
0 0.255859375 0.9986979166666666 0.2578125 0.98828125 0.24609375 0.95703125 0.2294921875 0.9375 0.2138671875 0.9296875 0.2041015625 0.9296875 0.1943359375 0.9427083333333334 0.1826171875 0.9479166666666666 0.1748046875 0.9479166666666666 0.1669921875 0.9401041666666666 0.1552734375 0.9453125 0.138671875 0.9674479166666666 0.130859375 0.9908854166666666 0.1337890625 1
0 0.09765625 0.9986979166666666 0.09765625 0.9908854166666666 0.0869140625 0.9765625 0.0595703125 0.9609375 0.0498046875 0.9479166666666666 0.0380859375 0.9479166666666666 0.029296875 0.95703125 0.029296875 0.97265625 0.01953125 0.9934895833333334 0.0224609375 1
0 0.240234375 0.9049479166666666 0.2646484375 0.8984375 0.275390625 0.8841145833333334 0.279296875 0.87109375 0.28125 0.8450520833333334 0.27734375 0.83203125 0.2685546875 0.8177083333333334 0.2509765625 0.8072916666666666 0.2392578125 0.8072916666666666 0.2255859375 0.8151041666666666 0.21484375 0.8294270833333334 0.208984375 0.8502604166666666 0.2109375 0.8763020833333334 0.216796875 0.8893229166666666 0.2275390625 0.9010416666666666
0 0.2890625 0.8216145833333334 0.3154296875 0.8151041666666666 0.341796875 0.7877604166666666 0.357421875 0.74609375 0.361328125 0.70703125 0.34375 0.6653645833333334 0.3154296875 0.6354166666666666 0.2841796875 0.6276041666666666 0.2548828125 0.6380208333333334 0.2490234375 0.6302083333333334 0.2392578125 0.6302083333333334 0.234375 0.63671875 0.236328125 0.66015625 0.21875 0.7018229166666666 0.216796875 0.7408854166666666 0.2109375 0.75390625 0.2109375 0.7669270833333334 0.2509765625 0.8072916666666666 0.2724609375 0.8203125
0 0.267578125 0.6263020833333334 0.2919921875 0.6171875 0.3046875 0.6002604166666666 0.3125 0.5768229166666666 0.3125 0.5638020833333334 0.30078125 0.5377604166666666 0.298828125 0.5221354166666666 0.2802734375 0.5078125 0.2490234375 0.5130208333333334 0.232421875 0.5325520833333334 0.224609375 0.5559895833333334 0.224609375 0.58203125 0.232421875 0.6028645833333334 0.2431640625 0.6171875 0.2548828125 0.625
0 0.3671875 0.5950520833333334 0.4013671875 0.5859375 0.4189453125 0.5703125 0.439453125 0.5299479166666666 0.4453125 0.49609375 0.439453125 0.4388020833333333 0.4111328125 0.4114583333333333 0.3837890625 0.3984375 0.3525390625 0.4036458333333333 0.3310546875 0.4192708333333333 0.30859375 0.4518229166666667 0.298828125 0.4908854166666667 0.298828125 0.5247395833333334 0.30859375 0.5559895833333334 0.3310546875 0.5807291666666666 0.3583984375 0.5963541666666666
0 0.484375 0.4596354166666667 0.5029296875 0.4505208333333333 0.513671875 0.4361979166666667 0.521484375 0.4127604166666667 0.521484375 0.38671875 0.517578125 0.3736979166666667 0.5009765625 0.3515625 0.4833984375 0.34375 0.4677734375 0.34375 0.4443359375 0.359375 0.443359375 0.33203125 0.4287109375 0.328125 0.4140625 0.34765625 0.4140625 0.36328125 0.4208984375 0.3802083333333333 0.435546875 0.3815104166666667 0.431640625 0.4127604166666667 0.439453125 0.4361979166666667 0.4619140625 0.4583333333333333
0 0.39453125 0.33203125 0.4052734375 0.328125 0.41796875 0.3111979166666667 0.423828125 0.29296875 0.423828125 0.26953125 0.4189453125 0.2421875 0.3818359375 0.23177083333333334 0.3662109375 0.23958333333333334 0.353515625 0.2565104166666667 0.349609375 0.2669270833333333 0.349609375 0.30078125 0.3662109375 0.328125 0.3759765625 0.3333333333333333
0 0.4765625 0.25390625 0.4951171875 0.2421875 0.5078125 0.22265625 0.513671875 0.20442708333333334 0.515625 0.17317708333333334 0.509765625 0.14713541666666666 0.4912109375 0.11979166666666667 0.4755859375 0.11197916666666667 0.4580078125 0.11197916666666667 0.4365234375 0.125 0.423828125 0.14453125 0.416015625 0.17317708333333334 0.416015625 0.20182291666666666 0.427734375 0.23307291666666666 0.4462890625 0.2526041666666667
0 0.408203125 0.02734375 0.4208984375 0.0234375 0.439453125 0.0013020833333333333 0.359375 0.0013020833333333333 0.3779296875 0.0234375 0.3916015625 0.028645833333333332
0 0.513671875 0.055989583333333336 0.5322265625 0.046875 0.54296875 0.03515625 0.5546875 0.009114583333333334 0.5537109375 0 0.44921875 0.0013020833333333333 0.458984375 0.032552083333333336 0.4736328125 0.046875 0.4931640625 0.057291666666666664
0 0.662109375 0.08723958333333333 0.6787109375 0.08072916666666667 0.6953125 0.061197916666666664 0.705078125 0.03515625 0.7080078125 0 0.576171875 0.0013020833333333333 0.58984375 0.029947916666666668 0.6103515625 0.052083333333333336 0.6201171875 0.0703125 0.6416015625 0.08854166666666667
0 0.69140625 0.2721354166666667 0.7080078125 0.23958333333333334 0.7236328125 0.23697916666666666 0.751953125 0.19661458333333334 0.75390625 0.17317708333333334 0.74609375 0.13932291666666666 0.732421875 0.11067708333333333 0.7197265625 0.1015625 0.6962890625 0.09895833333333333 0.6748046875 0.109375 0.658203125 0.13411458333333334 0.65234375 0.16015625 0.65234375 0.18098958333333334 0.66015625 0.20182291666666666 0.662109375 0.22005208333333334 0.67578125 0.24348958333333334 0.681640625 0.26953125
0 0.5859375 0.3893229166666667 0.6025390625 0.3802083333333333 0.62109375 0.3606770833333333 0.62890625 0.3372395833333333 0.630859375 0.3059895833333333 0.623046875 0.27734375 0.6064453125 0.2552083333333333 0.5888671875 0.24479166666666666 0.5673828125 0.24479166666666666 0.5458984375 0.2578125 0.52734375 0.2877604166666667 0.521484375 0.3111979166666667 0.5234375 0.3372395833333333 0.529296875 0.3580729166666667 0.5458984375 0.3802083333333333 0.5634765625 0.390625
0 0.650390625 0.4752604166666667 0.6689453125 0.4635416666666667 0.677734375 0.4518229166666667 0.685546875 0.43359375 0.6875 0.40234375 0.68359375 0.38671875 0.6689453125 0.3645833333333333 0.6572265625 0.3567708333333333 0.6337890625 0.3567708333333333 0.609375 0.3815104166666667 0.603515625 0.3997395833333333 0.603515625 0.4205729166666667 0.609375 0.4466145833333333 0.6201171875 0.4635416666666667
0 0.580078125 0.5794270833333334 0.5966796875 0.5729166666666666 0.6142578125 0.5572916666666666 0.6240234375 0.5572916666666666 0.6328125 0.5481770833333334 0.630859375 0.5013020833333334 0.6025390625 0.4635416666666667 0.5712890625 0.4583333333333333 0.5556640625 0.46875 0.54296875 0.4856770833333333 0.529296875 0.5221354166666666 0.5390625 0.55859375 0.5478515625 0.5703125 0.5595703125 0.578125
0 0.5625 0.7278645833333334 0.5771484375 0.7265625 0.5927734375 0.7161458333333334 0.607421875 0.6966145833333334 0.615234375 0.67578125 0.6171875 0.6419270833333334 0.609375 0.6158854166666666 0.5966796875 0.5989583333333334 0.5830078125 0.5911458333333334 0.5634765625 0.5911458333333334 0.5439453125 0.6041666666666666 0.529296875 0.6263020833333334 0.521484375 0.6497395833333334 0.5234375 0.6861979166666666 0.53125 0.70703125 0.5400390625 0.71875
0 0.52734375 0.8919270833333334 0.552734375 0.8736979166666666 0.5625 0.8528645833333334 0.56640625 0.8268229166666666 0.55859375 0.7955729166666666 0.5478515625 0.78125 0.5283203125 0.7708333333333334 0.5146484375 0.7708333333333334 0.4990234375 0.7786458333333334 0.484375 0.7955729166666666 0.4765625 0.8190104166666666 0.4765625 0.8450520833333334 0.484375 0.8684895833333334 0.4951171875 0.8828125 0.5068359375 0.890625
0 0.525390625 0.9986979166666666 0.533203125 0.98046875 0.533203125 0.9388020833333334 0.51953125 0.9049479166666666 0.5107421875 0.8932291666666666 0.4970703125 0.8932291666666666 0.4697265625 0.90625 0.44921875 0.9388020833333334 0.44140625 0.9700520833333334 0.443359375 0.9934895833333334 0.4501953125 1
0 0.369140625 0.9986979166666666 0.4287109375 0.9973958333333334 0.4375 0.98046875 0.4453125 0.94921875 0.4453125 0.91796875 0.43359375 0.88671875 0.4189453125 0.8723958333333334 0.3935546875 0.8619791666666666 0.3525390625 0.8645833333333334 0.3291015625 0.8776041666666666 0.3076171875 0.9010416666666666 0.2841796875 0.9140625 0.27734375 0.9231770833333334 0.279296875 0.9309895833333334 0.271484375 0.9518229166666666 0.271484375 0.9622395833333334 0.2841796875 0.9973958333333334
0 0.38671875 0.7877604166666666 0.4150390625 0.7760416666666666 0.43359375 0.75390625 0.44140625 0.7330729166666666 0.44140625 0.6888020833333334 0.4384765625 0.6848958333333334 0.4072265625 0.671875 0.3818359375 0.6848958333333334 0.369140625 0.7018229166666666 0.359375 0.7356770833333334 0.361328125 0.75390625 0.3671875 0.76953125 0.3798828125 0.7864583333333334
0 0.6640625 0.9440104166666666 0.6767578125 0.9401041666666666 0.68359375 0.9231770833333334 0.69921875 0.9049479166666666 0.701171875 0.89453125 0.697265625 0.8684895833333334 0.6787109375 0.8411458333333334 0.6591796875 0.8307291666666666 0.6357421875 0.8307291666666666 0.6123046875 0.8515625 0.5927734375 0.8567708333333334 0.587890625 0.86328125 0.59375 0.90234375 0.6142578125 0.9322916666666666 0.6337890625 0.9453125
0 0.783203125 0.9986979166666666 0.78515625 0.9752604166666666 0.7734375 0.94140625 0.7607421875 0.9244791666666666 0.7373046875 0.9114583333333334 0.6943359375 0.9114583333333334 0.67578125 0.94140625 0.6640625 0.9778645833333334 0.6669921875 1
0 0.650390625 0.81640625 0.6650390625 0.8098958333333334 0.681640625 0.7877604166666666 0.6875 0.76953125 0.6875 0.7408854166666666 0.681640625 0.72265625 0.6689453125 0.7057291666666666 0.6552734375 0.6979166666666666 0.6357421875 0.6979166666666666 0.6181640625 0.7083333333333334 0.60546875 0.7278645833333334 0.599609375 0.74609375 0.599609375 0.7747395833333334 0.607421875 0.7955729166666666 0.6220703125 0.8125 0.6318359375 0.8177083333333334
0 0.701171875 0.7096354166666666 0.7080078125 0.7057291666666666 0.7197265625 0.6848958333333334 0.7451171875 0.703125 0.7822265625 0.7005208333333334 0.8037109375 0.6875 0.818359375 0.66796875 0.8359375 0.6236979166666666 0.8359375 0.58203125 0.8203125 0.5325520833333334 0.7939453125 0.5026041666666666 0.7763671875 0.4947916666666667 0.7314453125 0.4947916666666667 0.7138671875 0.5052083333333334 0.7041015625 0.4973958333333333 0.693359375 0.50390625 0.6953125 0.5247395833333334 0.68359375 0.5455729166666666 0.677734375 0.5690104166666666 0.681640625 0.62109375 0.673828125 0.6471354166666666 0.671875 0.6731770833333334 0.677734375 0.6940104166666666 0.6884765625 0.7083333333333334
0 0.76171875 0.4934895833333333 0.7724609375 0.4895833333333333 0.7890625 0.4700520833333333 0.798828125 0.43359375 0.796875 0.4153645833333333 0.791015625 0.3971354166666667 0.7763671875 0.3776041666666667 0.7607421875 0.3697916666666667 0.7431640625 0.3697916666666667 0.7275390625 0.3776041666666667 0.71484375 0.3919270833333333 0.703125 0.4231770833333333 0.703125 0.4440104166666667 0.708984375 0.4674479166666667 0.7255859375 0.4895833333333333 0.7353515625 0.4947916666666667
0 0.7890625 0.37109375 0.822265625 0.33203125 0.830078125 0.3111979166666667 0.83203125 0.2825520833333333 0.822265625 0.24869791666666666 0.8115234375 0.234375 0.7958984375 0.22135416666666666 0.7705078125 0.21875 0.7451171875 0.23177083333333334 0.73046875 0.2513020833333333 0.72265625 0.2799479166666667 0.724609375 0.3138020833333333 0.720703125 0.3268229166666667 0.7451171875 0.3515625 0.7744140625 0.3723958333333333
0 0.833984375 0.20703125 0.8486328125 0.20052083333333334 0.857421875 0.18880208333333334 0.86328125 0.17317708333333334 0.865234375 0.14973958333333334 0.859375 0.12109375 0.8544921875 0.11458333333333333 0.8388671875 0.1015625 0.8232421875 0.09895833333333333 0.8095703125 0.10677083333333333 0.798828125 0.12109375 0.791015625 0.15755208333333334 0.794921875 0.17838541666666666 0.8037109375 0.1953125 0.8232421875 0.20833333333333334
0 0.759765625 0.13932291666666666 0.7783203125 0.13020833333333334 0.794921875 0.11067708333333333 0.802734375 0.08723958333333333 0.802734375 0.053385416666666664 0.796875 0.03515625 0.7822265625 0.015625 0.7646484375 0.005208333333333333 0.7470703125 0.005208333333333333 0.7294921875 0.013020833333333334 0.716796875 0.02734375 0.705078125 0.053385416666666664 0.703125 0.07942708333333333 0.7099609375 0.1015625 0.7294921875 0.10677083333333333 0.7451171875 0.13802083333333334
0 0.900390625 0.13411458333333334 0.9169921875 0.125 0.931640625 0.10546875 0.94140625 0.07421875 0.939453125 0.037760416666666664 0.931640625 0.01953125 0.9130859375 0 0.8701171875 0 0.8525390625 0.015625 0.84375 0.032552083333333336 0.837890625 0.053385416666666664 0.837890625 0.07942708333333333 0.845703125 0.10546875 0.8720703125 0.13541666666666666
0 0.986328125 0.040364583333333336 1 0.029947916666666668 0.9990234375 0 0.94140625 0.0013020833333333333 0.94921875 0.022135416666666668 0.9619140625 0.036458333333333336 0.9736328125 0.041666666666666664
0 0.955078125 0.22005208333333334 0.9736328125 0.2109375 0.98046875 0.20182291666666666 0.990234375 0.16796875 0.98828125 0.15234375 0.9755859375 0.12760416666666666 0.9658203125 0.11979166666666667 0.9482421875 0.1171875 0.9326171875 0.125 0.921875 0.13671875 0.9140625 0.15755208333333334 0.9140625 0.18359375 0.9267578125 0.2109375 0.9443359375 0.22135416666666666
0 0.919921875 0.4752604166666667 0.9287109375 0.4661458333333333 0.9501953125 0.46875 0.9716796875 0.4609375 1 0.4361979166666667 1 0.26171875 0.9951171875 0.2578125 0.9677734375 0.25 0.9345703125 0.2552083333333333 0.9013671875 0.28125 0.8837890625 0.2864583333333333 0.876953125 0.2955729166666667 0.87890625 0.33203125 0.873046875 0.37890625 0.880859375 0.4205729166666667 0.890625 0.44140625 0.888671875 0.4544270833333333 0.8994140625 0.4739583333333333
0 1 0.5403645833333334 0.9990234375 0.4479166666666667 0.990234375 0.4752604166666667 0.98828125 0.5143229166666666
0 0.974609375 0.6575520833333334 1 0.6471354166666666 1 0.5481770833333334 0.9833984375 0.5390625 0.9580078125 0.5546875 0.94140625 0.5768229166666666 0.935546875 0.5924479166666666 0.931640625 0.6236979166666666 0.916015625 0.6419270833333334 0.916015625 0.6497395833333334 0.9248046875 0.6588541666666666
0 1 0.7825520833333334 0.9990234375 0.6692708333333334 0.98828125 0.7044270833333334 0.98828125 0.7513020833333334 0.9921875 0.76953125
0 0.935546875 0.91015625 0.9580078125 0.8984375 0.9765625 0.8736979166666666 0.984375 0.84765625 0.984375 0.8190104166666666 0.974609375 0.7903645833333334 0.9580078125 0.7682291666666666 0.9365234375 0.7578125 0.9169921875 0.7578125 0.8994140625 0.7682291666666666 0.8759765625 0.8046875 0.865234375 0.80859375 0.861328125 0.8346354166666666 0.873046875 0.8424479166666666 0.880859375 0.87890625 0.8955078125 0.9010416666666666 0.9130859375 0.9114583333333334
0 0.99609375 0.9283854166666666 1 0.92578125 1 0.8346354166666666 0.9912109375 0.8333333333333334 0.984375 0.8450520833333334 0.978515625 0.87109375 0.966796875 0.8893229166666666 0.966796875 0.8971354166666666 0.9873046875 0.9270833333333334
0 0.99609375 0.9986979166666666 1 0.99609375 1 0.9466145833333334 0.9912109375 0.9296875 0.9697265625 0.9114583333333334 0.9384765625 0.9140625 0.912109375 0.9466145833333334 0.912109375 0.97265625 0.90625 0.9908854166666666 0.9130859375 1
0 0.904296875 0.9986979166666666 0.90625 0.99609375 0.900390625 0.98828125 0.912109375 0.97265625 0.9140625 0.9596354166666666 0.8994140625 0.9375 0.8837890625 0.9401041666666666 0.875 0.9518229166666666 0.8720703125 0.9661458333333334 0.8408203125 0.96875 0.810546875 0.99609375 0.8115234375 1
0 0.798828125 0.88671875 0.8251953125 0.8802083333333334 0.8486328125 0.859375 0.865234375 0.80859375 0.86328125 0.76953125 0.853515625 0.7434895833333334 0.8427734375 0.7291666666666666 0.8115234375 0.7083333333333334 0.7880859375 0.7109375 0.7607421875 0.7291666666666666 0.744140625 0.7513020833333334 0.734375 0.7903645833333334 0.736328125 0.84765625 0.7685546875 0.8802083333333334
0 0.884765625 0.7356770833333334 0.8955078125 0.7265625 0.91015625 0.7018229166666666 0.916015625 0.6809895833333334 0.916015625 0.6549479166666666 0.91015625 0.63671875 0.8974609375 0.6197916666666666 0.8759765625 0.609375 0.8544921875 0.6119791666666666 0.83203125 0.6341145833333334 0.8203125 0.6653645833333334 0.8203125 0.6861979166666666 0.826171875 0.7044270833333334 0.8486328125 0.7291666666666666 0.8662109375 0.7369791666666666
0 0.884765625 0.6002604166666666 0.9033203125 0.5911458333333334 0.916015625 0.5716145833333334 0.921875 0.5533854166666666 0.919921875 0.5299479166666666 0.916015625 0.5169270833333334 0.9013671875 0.4973958333333333 0.8916015625 0.4921875 0.8720703125 0.4921875 0.8564453125 0.5026041666666666 0.845703125 0.5169270833333334 0.83984375 0.53515625 0.83984375 0.5611979166666666 0.8544921875 0.5911458333333334 0.8740234375 0.6015625