0 0.130859375 0.2565104166666667 0.14453125 0.24088541666666666 0.142578125 0.21484375 0.12890625 0.20442708333333334 0.142578125 0.18619791666666666 0.150390625 0.16536458333333334 0.15234375 0.13932291666666666 0.1484375 0.11848958333333333 0.1298828125 0.08854166666666667 0.0869140625 0.08333333333333333 0.060546875 0.11588541666666667 0.0546875 0.13411458333333334 0.0546875 0.16796875 0.064453125 0.19140625 0.0791015625 0.20833333333333334 0.0888671875 0.21354166666666666 0.1142578125 0.2109375 0.107421875 0.22526041666666666 0.107421875 0.24609375 0.1162109375 0.2552083333333333
0 0.056640625 0.34765625 0.0810546875 0.3307291666666667 0.0966796875 0.3307291666666667 0.10546875 0.3190104166666667 0.10546875 0.30859375 0.09375 0.2955729166666667 0.087890625 0.2669270833333333 0.0771484375 0.2526041666666667 0.0556640625 0.2421875 0.0400390625 0.2421875 0.0166015625 0.2552083333333333 0.00390625 0.2721354166666667 0.001953125 0.3059895833333333 0.0078125 0.32421875 0.0205078125 0.3385416666666667 0.0419921875 0.3489583333333333
0 0.173828125 0.60546875 0.1904296875 0.5963541666666666 0.203125 0.5716145833333334 0.205078125 0.5325520833333334 0.1953125 0.5065104166666666 0.2109375 0.4830729166666667 0.2109375 0.4622395833333333 0.1943359375 0.4453125 0.1806640625 0.4479166666666667 0.169921875 0.4622395833333333 0.1689453125 0.4973958333333333 0.1435546875 0.5130208333333334 0.1337890625 0.5078125 0.126953125 0.51953125 0.1328125 0.52734375 0.12890625 0.5455729166666666 0.1328125 0.58984375 0.1455078125 0.6067708333333334
0 0.064453125 0.6966145833333334 0.0810546875 0.6875 0.09765625 0.66796875 0.107421875 0.6419270833333334 0.107421875 0.6080729166666666 0.099609375 0.5846354166666666 0.0791015625 0.5598958333333334 0.0458984375 0.5572916666666666 0.0263671875 0.5677083333333334 0.005859375 0.58984375 0.001953125 0.6184895833333334 0.009765625 0.6627604166666666 0.0244140625 0.6848958333333334 0.0439453125 0.6953125
0 0.0859375 0.5638020833333334 0.1025390625 0.5520833333333334 0.1171875 0.5299479166666666 0.12109375 0.5143229166666666 0.12109375 0.4856770833333333 0.1103515625 0.4557291666666667 0.0849609375 0.4348958333333333 0.0771484375 0.4348958333333333 0.0517578125 0.4479166666666667 0.037109375 0.46484375 0.029296875 0.4856770833333333 0.02734375 0.51171875 0.03515625 0.5377604166666666 0.0458984375 0.5520833333333334 0.0517578125 0.5572916666666666 0.0732421875 0.5572916666666666
0 0.146484375 0.4388020833333333 0.16015625 0.4231770833333333 0.166015625 0.3997395833333333 0.1494140625 0.3697916666666667 0.1318359375 0.3671875 0.11328125 0.3815104166666667 0.107421875 0.4049479166666667 0.109375 0.41796875 0.115234375 0.4309895833333333 0.1259765625 0.4401041666666667
0 0.205078125 0.2955729166666667 0.224609375 0.2799479166666667 0.232421875 0.2591145833333333 0.232421875 0.23567708333333334 0.2177734375 0.20833333333333334 0.2041015625 0.20052083333333334 0.1923828125 0.20052083333333334 0.1806640625 0.20572916666666666 0.166015625 0.22265625 0.16015625 0.24088541666666666 0.16015625 0.26171875 0.16796875 0.2825520833333333 0.1767578125 0.2916666666666667 0.1865234375 0.296875
0 0.28125 0.4153645833333333 0.3134765625 0.4036458333333333 0.3330078125 0.3854166666666667 0.34375 0.3658854166666667 0.349609375 0.3424479166666667 0.349609375 0.2903645833333333 0.34375 0.2747395833333333 0.3271484375 0.2630208333333333 0.3154296875 0.24479166666666666 0.2900390625 0.234375 0.2587890625 0.23958333333333334 0.232421875 0.26171875 0.224609375 0.28515625 0.21484375 0.2981770833333333 0.208984375 0.34765625 0.2109375 0.3684895833333333 0.2275390625 0.4010416666666667 0.2470703125 0.4140625
0 0.37890625 0.4283854166666667 0.3974609375 0.4270833333333333 0.4111328125 0.4192708333333333 0.4296875 0.39453125 0.439453125 0.36328125 0.4375 0.3294270833333333 0.4296875 0.3059895833333333 0.4033203125 0.2864583333333333 0.3720703125 0.2890625 0.3515625 0.3059895833333333 0.349609375 0.34765625 0.3359375 0.3841145833333333 0.33984375 0.3997395833333333 0.3544921875 0.4192708333333333
0 0.279296875 0.6315104166666666 0.3056640625 0.6119791666666666 0.3251953125 0.6197916666666666 0.3466796875 0.6119791666666666 0.3671875 0.5846354166666666 0.3671875 0.56640625 0.3486328125 0.5364583333333334 0.3310546875 0.53125 0.3115234375 0.5416666666666666 0.30859375 0.5247395833333334 0.294921875 0.51953125 0.2890625 0.48828125 0.2744140625 0.4791666666666667 0.2548828125 0.4895833333333333 0.232421875 0.5143229166666666 0.228515625 0.5455729166666666 0.236328125 0.55859375 0.228515625 0.5690104166666666 0.228515625 0.58203125 0.23828125 0.5924479166666666 0.240234375 0.6080729166666666 0.2490234375 0.6223958333333334 0.2646484375 0.6328125
0 0.21875 0.77734375 0.2373046875 0.765625 0.24609375 0.7513020833333334 0.251953125 0.73046875 0.248046875 0.7018229166666666 0.2255859375 0.6744791666666666 0.1923828125 0.6744791666666666 0.173828125 0.71484375 0.17578125 0.74609375 0.1904296875 0.7708333333333334 0.2041015625 0.7786458333333334
0 0.095703125 0.7955729166666666 0.1064453125 0.7890625 0.119140625 0.7721354166666666 0.125 0.7565104166666666 0.125 0.7278645833333334 0.12109375 0.71484375 0.1083984375 0.6979166666666666 0.0986328125 0.6927083333333334 0.0927734375 0.6822916666666666 0.0869140625 0.6822916666666666 0.0810546875 0.6901041666666666 0.0673828125 0.6953125 0.052734375 0.7122395833333334 0.044921875 0.7356770833333334 0.044921875 0.76171875 0.052734375 0.7799479166666666 0.0673828125 0.7942708333333334
0 0.005859375 0.83984375 0.0166015625 0.8333333333333334 0.033203125 0.80859375 0.0390625 0.78515625 0.0390625 0.7591145833333334 0.03125 0.7356770833333334 0.0205078125 0.7213541666666666 0.0009765625 0.7109375 0 0.83984375
0 0.052734375 0.9986979166666666 0.05859375 0.99609375 0.064453125 0.9752604166666666 0.064453125 0.9388020833333334 0.0546875 0.91015625 0.0361328125 0.8854166666666666 0.0224609375 0.875 0.0009765625 0.875 0 0.9986979166666666
0 0.1171875 0.9309895833333334 0.12109375 0.91015625 0.1337890625 0.890625 0.16796875 0.8736979166666666 0.16796875 0.8450520833333334 0.1640625 0.8294270833333334 0.1494140625 0.8072916666666666 0.1318359375 0.796875 0.1103515625 0.796875 0.0888671875 0.8098958333333334 0.07421875 0.8294270833333334 0.060546875 0.8658854166666666 0.06640625 0.89453125 0.0791015625 0.9166666666666666 0.0986328125 0.9296875
0 0.1875 0.9986979166666666 0.201171875 0.9830729166666666 0.208984375 0.9622395833333334 0.2109375 0.9361979166666666 0.203125 0.9075520833333334 0.1943359375 0.8932291666666666 0.1767578125 0.8802083333333334 0.1572265625 0.8776041666666666 0.1396484375 0.8854166666666666 0.12890625 0.8971354166666666 0.119140625 0.91796875 0.1171875 0.9440104166666666 0.107421875 0.9674479166666666 0.107421875 0.99609375 0.1103515625 1
0 0.3671875 0.9986979166666666 0.37109375 0.98828125 0.37109375 0.9674479166666666 0.36328125 0.9466145833333334 0.3505859375 0.9296875 0.3232421875 0.9192708333333334 0.3154296875 0.9088541666666666 0.2919921875 0.9088541666666666 0.2744140625 0.9192708333333334 0.2578125 0.9518229166666666 0.255859375 0.9830729166666666 0.2626953125 1
0 0.048828125 0.09765625 0.0712890625 0.08854166666666667 0.087890625 0.06380208333333333 0.095703125 0.037760416666666664 0.09375 0.0013020833333333333 0.0009765625 0 0 0.07682291666666667 0.0087890625 0.08854166666666667 0.0283203125 0.09895833333333333
0 0.00390625 0.26171875 0.021484375 0.22786458333333334 0.0234375 0.19140625 0.013671875 0.16276041666666666 0.0009765625 0.1484375 0 0.26171875
0 0.1953125 0.12630208333333334 0.2099609375 0.11458333333333333 0.234375 0.08203125 0.23828125 0.04296875 0.228515625 0.00390625 0.2255859375 0 0.1298828125 0 0.123046875 0.014322916666666666 0.119140625 0.053385416666666664 0.130859375 0.08984375 0.1513671875 0.11979166666666667 0.1630859375 0.12760416666666666
0 0.2734375 0.22786458333333334 0.2900390625 0.21875 0.3046875 0.19921875 0.318359375 0.15494791666666666 0.31640625 0.13671875 0.326171875 0.11067708333333333 0.3115234375 0.09375 0.2939453125 0.1015625 0.2646484375 0.09895833333333333 0.2548828125 0.08333333333333333 0.2431640625 0.08072916666666667 0.2177734375 0.10416666666666667 0.205078125 0.12109375 0.205078125 0.13151041666666666 0.216796875 0.13411458333333334 0.21484375 0.17317708333333334 0.224609375 0.19921875 0.2509765625 0.2265625
0 0.296875 0.061197916666666664 0.3154296875 0.049479166666666664 0.330078125 0.029947916666666668 0.3369140625 0 0.236328125 0.0013020833333333333 0.240234375 0.029947916666666668 0.2607421875 0.057291666666666664 0.2705078125 0.0625
0 0.421875 0.06640625 0.4541015625 0.046875 0.46875 0.02734375 0.478515625 0.0013020833333333333 0.341796875 0.0013020833333333333 0.349609375 0.029947916666666668 0.3740234375 0.059895833333333336 0.3896484375 0.06770833333333333
0 0.384765625 0.28515625 0.4130859375 0.2734375 0.431640625 0.24869791666666666 0.44140625 0.21223958333333334 0.4375 0.17317708333333334 0.4228515625 0.14322916666666666 0.3994140625 0.125 0.3759765625 0.12239583333333333 0.3505859375 0.12760416666666666 0.3447265625 0.1171875 0.3251953125 0.1171875 0.31640625 0.13411458333333334 0.318359375 0.14973958333333334 0.33203125 0.16276041666666666 0.3203125 0.19661458333333334 0.32421875 0.23567708333333334 0.330078125 0.2513020833333333 0.3447265625 0.2708333333333333 0.3642578125 0.2838541666666667
0 0.498046875 0.32421875 0.5166015625 0.3125 0.529296875 0.2903645833333333 0.533203125 0.2721354166666667 0.53125 0.24609375 0.525390625 0.23046875 0.5107421875 0.21354166666666666 0.4931640625 0.20572916666666666 0.4755859375 0.20572916666666666 0.4580078125 0.21875 0.44921875 0.23307291666666666 0.443359375 0.24869791666666666 0.443359375 0.2825520833333333 0.453125 0.3059895833333333 0.4638671875 0.3177083333333333 0.4775390625 0.3255208333333333
0 0.404296875 0.5638020833333334 0.4248046875 0.5520833333333334 0.439453125 0.5299479166666666 0.4453125 0.51171875 0.4453125 0.4778645833333333 0.4375 0.4544270833333333 0.4228515625 0.4375 0.4033203125 0.4270833333333333 0.3818359375 0.4296875 0.3681640625 0.4375 0.349609375 0.4622395833333333 0.34375 0.4830729166666667 0.34375 0.51171875 0.349609375 0.53515625 0.3681640625 0.5598958333333334 0.3798828125 0.5651041666666666
0 0.421875 0.7122395833333334 0.45703125 0.6809895833333334 0.462890625 0.66015625 0.462890625 0.6158854166666666 0.451171875 0.5872395833333334 0.453125 0.5794270833333334 0.4443359375 0.5703125 0.4384765625 0.5755208333333334 0.4248046875 0.5755208333333334 0.4169921875 0.5833333333333334 0.4033203125 0.5677083333333334 0.3896484375 0.5677083333333334 0.3740234375 0.578125 0.35546875 0.60546875 0.349609375 0.62890625 0.3515625 0.66015625 0.361328125 0.68359375 0.3740234375 0.7005208333333334 0.3955078125 0.7109375
0 0.302734375 0.8346354166666666 0.3134765625 0.828125 0.326171875 0.8111979166666666 0.33203125 0.7799479166666666 0.328125 0.7591145833333334 0.3154296875 0.7395833333333334 0.2900390625 0.7317708333333334 0.25390625 0.75390625 0.25 0.7643229166666666 0.251953125 0.78515625 0.24609375 0.79296875 0.24609375 0.80078125 0.2763671875 0.8359375
0 0.3828125 0.8294270833333334 0.3994140625 0.8203125 0.412109375 0.8033854166666666 0.419921875 0.7825520833333334 0.419921875 0.7486979166666666 0.412109375 0.7278645833333334 0.3994140625 0.7135416666666666 0.3818359375 0.7057291666666666 0.3681640625 0.7057291666666666 0.3486328125 0.7161458333333334 0.3359375 0.7356770833333334 0.330078125 0.75390625 0.33203125 0.7903645833333334 0.337890625 0.8059895833333334 0.3603515625 0.828125
0 0.400390625 0.9153645833333334 0.40625 0.8997395833333334 0.396484375 0.83984375 0.3876953125 0.828125 0.3564453125 0.8307291666666666 0.34375 0.84765625 0.33984375 0.8606770833333334 0.345703125 0.8919270833333334 0.3642578125 0.9088541666666666 0.3837890625 0.9036458333333334 0.3916015625 0.9166666666666666
0 0.560546875 0.9049479166666666 0.5771484375 0.8958333333333334 0.59765625 0.8736979166666666 0.619140625 0.8216145833333334 0.619140625 0.7799479166666666 0.6015625 0.7356770833333334 0.60546875 0.70703125 0.5947265625 0.6875 0.5830078125 0.6822916666666666 0.5673828125 0.6901041666666666 0.5556640625 0.7083333333333334 0.5205078125 0.7135416666666666 0.4951171875 0.7317708333333334 0.466796875 0.76953125 0.455078125 0.7981770833333334 0.46875 0.83984375 0.4931640625 0.8828125 0.5107421875 0.8984375 0.5283203125 0.90625
0 0.458984375 0.96484375 0.486328125 0.9466145833333334 0.498046875 0.9153645833333334 0.498046875 0.89453125 0.4736328125 0.8515625 0.4638671875 0.8463541666666666 0.4462890625 0.8463541666666666 0.4287109375 0.8567708333333334 0.4140625 0.87890625 0.41015625 0.9205729166666666 0.419921875 0.9466145833333334 0.4306640625 0.9583333333333334 0.4482421875 0.9661458333333334
0 0.578125 0.9986979166666666 0.580078125 0.97265625 0.572265625 0.9518229166666666 0.5439453125 0.9244791666666666 0.5185546875 0.9244791666666666 0.5009765625 0.9348958333333334 0.486328125 0.9544270833333334 0.4765625 0.9830729166666666 0.4794921875 1
0 0.642578125 0.9986979166666666 0.62109375 0.9700520833333334 0.6123046875 0.9270833333333334 0.5947265625 0.9348958333333334 0.587890625 0.9440104166666666 0.580078125 0.9622395833333334 0.580078125 0.99609375 0.5830078125 1
0 0.701171875 0.99609375 0.7109375 0.98046875 0.72265625 0.9440104166666666 0.72265625 0.91015625 0.71484375 0.8841145833333334 0.69140625 0.8528645833333334 0.68359375 0.8294270833333334 0.6728515625 0.8177083333333334 0.6552734375 0.8151041666666666 0.6396484375 0.8359375 0.6201171875 0.8359375 0.607421875 0.85546875 0.603515625 0.87109375 0.6142578125 0.8880208333333334 0.619140625 0.8815104166666666 0.61328125 0.9153645833333334 0.61328125 0.94140625 0.62109375 0.9700520833333334 0.6435546875 0.9973958333333334
0 0.55859375 0.7018229166666666 0.5771484375 0.6822916666666666 0.5927734375 0.6848958333333334 0.6005859375 0.6953125 0.6083984375 0.6927083333333334 0.626953125 0.66796875 0.63671875 0.63671875 0.63671875 0.60546875 0.6298828125 0.5911458333333334 0.6181640625 0.59375 0.6123046875 0.5859375 0.5908203125 0.5755208333333334 0.5673828125 0.546875 0.5537109375 0.5520833333333334 0.5322265625 0.5703125 0.5234375 0.5846354166666666 0.515625 0.6106770833333334 0.515625 0.6471354166666666 0.5234375 0.6705729166666666 0.5361328125 0.6901041666666666
0 0.521484375 0.4518229166666667 0.548828125 0.4388020833333333 0.56640625 0.4049479166666667 0.568359375 0.3841145833333333 0.564453125 0.3580729166666667 0.5478515625 0.3307291666666667 0.5302734375 0.3203125 0.5146484375 0.3177083333333333 0.4892578125 0.3307291666666667 0.4765625 0.34765625 0.46875 0.37109375 0.46875 0.40234375 0.478515625 0.4283854166666667 0.4931640625 0.4453125 0.5107421875 0.453125
0 0.625 0.5924479166666666 0.6689453125 0.5677083333333334 0.689453125 0.5403645833333334 0.703125 0.5013020833333334 0.693359375 0.4309895833333333 0.6728515625 0.4036458333333333 0.6630859375 0.3984375 0.6552734375 0.3828125 0.6396484375 0.3776041666666667 0.6220703125 0.3802083333333333 0.5947265625 0.3984375 0.5712890625 0.40625 0.55078125 0.4361979166666667 0.544921875 0.4622395833333333 0.556640625 0.4986979166666667 0.560546875 0.5299479166666666 0.5703125 0.55078125 0.5888671875 0.5729166666666666 0.6103515625 0.5833333333333334 0.6201171875 0.59375
0 0.796875 0.4127604166666667 0.8125 0.40234375 0.8125 0.37890625 0.798828125 0.3580729166666667 0.8046875 0.3372395833333333 0.8046875 0.3033854166666667 0.796875 0.2799479166666667 0.7763671875 0.2552083333333333 0.7568359375 0.24479166666666666 0.7177734375 0.25 0.7138671875 0.2578125 0.6884765625 0.24739583333333334 0.6630859375 0.2578125 0.646484375 0.28515625 0.640625 0.3059895833333333 0.642578125 0.3294270833333333 0.650390625 0.34765625 0.6611328125 0.359375 0.6767578125 0.3645833333333333 0.6943359375 0.3567708333333333 0.701171875 0.3763020833333333 0.7255859375 0.4010416666666667 0.7509765625 0.4036458333333333 0.7705078125 0.3958333333333333 0.7841796875 0.4140625
0 0.625 0.22265625 0.6455078125 0.2109375 0.65625 0.19661458333333334 0.6640625 0.17057291666666666 0.6640625 0.14713541666666666 0.6513671875 0.1171875 0.6220703125 0.09895833333333333 0.5927734375 0.11458333333333333 0.576171875 0.13671875 0.5703125 0.17578125 0.578125 0.20182291666666666 0.5927734375 0.21875 0.6025390625 0.22395833333333334
0 0.646484375 0.03515625 0.65234375 0.02734375 0.6484375 0.01171875 0.6552734375 0 0.552734375 0.0013020833333333333 0.5556640625 0.0078125 0.5712890625 0.015625 0.6279296875 0.018229166666666668 0.6357421875 0.036458333333333336
0 0.70703125 0.10807291666666667 0.7255859375 0.09635416666666667 0.7548828125 0.09375 0.771484375 0.07682291666666667 0.771484375 0.00390625 0.7685546875 0 0.6962890625 0 0.693359375 0.00390625 0.685546875 0.029947916666666668 0.669921875 0.053385416666666664 0.66796875 0.06640625 0.6806640625 0.09114583333333333 0.6982421875 0.10677083333333333
0 0.7109375 0.23828125 0.7216796875 0.22916666666666666 0.7490234375 0.22395833333333334 0.759765625 0.20963541666666666 0.76171875 0.13932291666666666 0.7529296875 0.12239583333333333 0.7333984375 0.10677083333333333 0.7158203125 0.10677083333333333 0.7001953125 0.11458333333333333 0.673828125 0.15755208333333334 0.67578125 0.16796875 0.671875 0.17578125 0.671875 0.19661458333333334 0.67578125 0.20963541666666666 0.7021484375 0.23958333333333334
0 0.80859375 0.22786458333333334 0.8193359375 0.2265625 0.8349609375 0.21354166666666666 0.84375 0.20182291666666666 0.8515625 0.17057291666666666 0.8515625 0.15234375 0.845703125 0.13411458333333334 0.8369140625 0.11979166666666667 0.8212890625 0.10677083333333333 0.7978515625 0.10677083333333333 0.7822265625 0.1171875 0.76953125 0.13411458333333334 0.76171875 0.16276041666666666 0.76171875 0.18098958333333334 0.767578125 0.20442708333333334 0.7900390625 0.2265625
0 0.8671875 0.30859375 0.8818359375 0.2994791666666667 0.896484375 0.27734375 0.900390625 0.2669270833333333 0.900390625 0.22786458333333334 0.8759765625 0.203125 0.8525390625 0.20052083333333334 0.8427734375 0.20572916666666666 0.82421875 0.22786458333333334 0.818359375 0.24869791666666666 0.818359375 0.26953125 0.8349609375 0.3020833333333333 0.8486328125 0.3098958333333333
0 0.751953125 0.5846354166666666 0.7705078125 0.578125 0.7880859375 0.5651041666666666 0.8046875 0.5403645833333334 0.8125 0.5091145833333334 0.8125 0.48046875 0.806640625 0.45703125 0.7900390625 0.4322916666666667 0.7685546875 0.4192708333333333 0.7353515625 0.4192708333333333 0.7080078125 0.4427083333333333 0.69921875 0.4596354166666667 0.703125 0.4856770833333333 0.703125 0.50390625 0.6953125 0.52734375 0.69921875 0.5481770833333334 0.7177734375 0.5729166666666666
0 0.6953125 0.7174479166666666 0.7197265625 0.7057291666666666 0.734375 0.6888020833333334 0.744140625 0.6627604166666666 0.74609375 0.62890625 0.736328125 0.6002604166666666 0.7177734375 0.578125 0.7021484375 0.5703125 0.6669921875 0.5729166666666666 0.65234375 0.5950520833333334 0.640625 0.6315104166666666 0.642578125 0.6888020833333334 0.6650390625 0.7109375
0 0.67578125 0.8138020833333334 0.6884765625 0.8098958333333334 0.7041015625 0.796875 0.716796875 0.7721354166666666 0.71484375 0.74609375 0.7041015625 0.7291666666666666 0.6904296875 0.71875 0.6669921875 0.71875 0.6552734375 0.7239583333333334 0.638671875 0.7434895833333334 0.6328125 0.76953125 0.640625 0.7981770833333334 0.6494140625 0.8098958333333334 0.6591796875 0.8151041666666666
0 0.76953125 0.80859375 0.7783203125 0.8072916666666666 0.798828125 0.7903645833333334 0.810546875 0.7643229166666666 0.8125 0.7330729166666666 0.8046875 0.70703125 0.7900390625 0.6875 0.7763671875 0.6796875 0.7529296875 0.6796875 0.7392578125 0.6875 0.72265625 0.7096354166666666 0.716796875 0.7278645833333334 0.716796875 0.7591145833333334 0.72265625 0.7799479166666666 0.7353515625 0.796875 0.7529296875 0.8072916666666666
0 0.853515625 0.9986979166666666 0.8720703125 0.9921875 0.884765625 0.9752604166666666 0.892578125 0.9518229166666666 0.892578125 0.9205729166666666 0.88671875 0.90234375 0.8701171875 0.8802083333333334 0.8505859375 0.8697916666666666 0.8291015625 0.8697916666666666 0.8095703125 0.8802083333333334 0.79296875 0.90234375 0.787109375 0.91796875 0.787109375 0.95703125 0.796875 0.9830729166666666 0.8095703125 0.9973958333333334
0 0.79296875 0.9986979166666666 0.7802734375 0.9791666666666666 0.7587890625 0.9661458333333334 0.7412109375 0.9661458333333334 0.7236328125 0.9739583333333334 0.703125 0.99609375 0.7041015625 1
0 0.89453125 0.8658854166666666 0.9072265625 0.8645833333333334 0.9248046875 0.8541666666666666 0.94140625 0.83203125 0.94921875 0.80859375 0.947265625 0.76953125 0.95703125 0.7565104166666666 0.9521484375 0.7421875 0.9365234375 0.7421875 0.9228515625 0.7265625 0.9072265625 0.71875 0.8896484375 0.71875 0.8681640625 0.7291666666666666 0.853515625 0.74609375 0.84375 0.76953125 0.845703125 0.82421875 0.849609375 0.8346354166666666 0.8681640625 0.8567708333333334
0 0.8984375 0.6393229166666666 0.9169921875 0.6276041666666666 0.927734375 0.6106770833333334 0.931640625 0.5950520833333334 0.9296875 0.5559895833333334 0.9130859375 0.5286458333333334 0.9013671875 0.5208333333333334 0.8837890625 0.5182291666666666 0.8681640625 0.5234375 0.845703125 0.55078125 0.841796875 0.56640625 0.84375 0.6028645833333334 0.8662109375 0.6354166666666666 0.8740234375 0.640625
0 0.86328125 0.4622395833333333 0.8818359375 0.453125 0.8984375 0.4309895833333333 0.90234375 0.4127604166666667 0.8984375 0.4049479166666667 0.8984375 0.3893229166666667 0.88671875 0.3606770833333333 0.8681640625 0.3411458333333333 0.8525390625 0.3385416666666667 0.8291015625 0.3515625 0.8203125 0.36328125 0.8125 0.3815104166666667 0.814453125 0.3997395833333333 0.810546875 0.4205729166666667 0.814453125 0.4361979166666667 0.8271484375 0.4557291666666667 0.8408203125 0.4635416666666667
0 0.947265625 0.38671875 0.9697265625 0.375 0.982421875 0.3580729166666667 0.9921875 0.3294270833333333 0.9921875 0.30078125 0.986328125 0.2799479166666667 0.9716796875 0.2578125 0.9482421875 0.24479166666666666 0.9248046875 0.24479166666666666 0.9130859375 0.2552083333333333 0.890625 0.2903645833333333 0.88671875 0.3138020833333333 0.888671875 0.33984375 0.8984375 0.36328125 0.9111328125 0.3776041666666667 0.9306640625 0.3880208333333333
0 0.978515625 0.2565104166666667 1 0.24348958333333334 1 0.14713541666666666 0.9873046875 0.13802083333333334 0.9775390625 0.13802083333333334 0.9482421875 0.15364583333333334 0.93359375 0.17578125 0.9296875 0.19401041666666666 0.931640625 0.20442708333333334 0.927734375 0.21223958333333334 0.9296875 0.22265625 0.9462890625 0.2421875 0.9736328125 0.2578125
0 0.94921875 0.15234375 0.9775390625 0.13802083333333334 1 0.11067708333333333 1 0.0013020833333333333 0.8779296875 0 0.84375 0.05859375 0.84375 0.07682291666666667 0.8623046875 0.08854166666666667 0.87890625 0.11848958333333333 0.8974609375 0.140625 0.9208984375 0.15364583333333334
0 1 0.5950520833333334 1 0.3997395833333333 0.9951171875 0.3984375 0.9775390625 0.4088541666666667 0.953125 0.44140625 0.943359375 0.4700520833333333 0.94140625 0.5169270833333334 0.947265625 0.5403645833333334 0.958984375 0.5638020833333334 0.9755859375 0.5833333333333334 0.9931640625 0.5963541666666666
0 1 0.91796875 1 0.80859375 0.9951171875 0.8072916666666666 0.9892578125 0.8151041666666666 0.9716796875 0.8229166666666666 0.962890625 0.8346354166666666 0.955078125 0.8580729166666666 0.955078125 0.8841145833333334 0.9609375 0.8997395833333334 0.9755859375 0.9166666666666666
0 0.982421875 0.9986979166666666 0.990234375 0.9934895833333334 0.99609375 0.9674479166666666 0.98828125 0.93359375 0.9755859375 0.9166666666666666 0.9677734375 0.9114583333333334 0.9521484375 0.9114583333333334 0.92578125 0.93359375 0.91796875 0.94921875 0.916015625 0.9700520833333334 0.9267578125 0.9973958333333334
0 0.916015625 0.9986979166666666 0.9013671875 0.9869791666666666 0.8779296875 0.9869791666666666 0.865234375 0.9986979166666666
0 1 0.7278645833333334 0.9990234375 0.6822916666666666 0.9921875 0.7122395833333334
0 1 0.91796875 0.9990234375 0.8046875 0.9716796875 0.8229166666666666 0.962890625 0.8346354166666666 0.955078125 0.85546875 0.955078125 0.8841145833333334 0.9716796875 0.9140625 0.9814453125 0.9192708333333334
0 0.001953125 0.42578125 0.005859375 0.4075520833333333 0.0009765625 0.3984375