0 0.3203125 0.3763020833333333 0.3427734375 0.3671875 0.369140625 0.33203125 0.376953125 0.31640625 0.37890625 0.2669270833333333 0.369140625 0.23046875 0.3466796875 0.1953125 0.3251953125 0.18489583333333334 0.2998046875 0.18489583333333334 0.255859375 0.20703125 0.255859375 0.21744791666666666 0.240234375 0.2591145833333333 0.240234375 0.3059895833333333 0.25 0.33984375 0.2724609375 0.3697916666666667 0.2939453125 0.3776041666666667
0 0.421875 0.22786458333333334 0.4521484375 0.2109375 0.49609375 0.15755208333333334 0.498046875 0.13671875 0.48828125 0.12109375 0.474609375 0.07421875 0.4599609375 0.052083333333333336 0.4384765625 0.033854166666666664 0.4033203125 0.028645833333333332 0.3740234375 0.041666666666666664 0.345703125 0.07942708333333333 0.3359375 0.12369791666666667 0.33984375 0.16015625 0.3349609375 0.15885416666666666 0.330078125 0.16536458333333334 0.330078125 0.17578125 0.3369140625 0.18229166666666666 0.3486328125 0.1796875 0.3623046875 0.20572916666666666 0.3896484375 0.2265625
0 0.451171875 0.48046875 0.4658203125 0.4765625 0.484375 0.4596354166666667 0.494140625 0.4388020833333333 0.49609375 0.3919270833333333 0.486328125 0.3684895833333333 0.4716796875 0.3515625 0.4541015625 0.34375 0.4404296875 0.34375 0.41015625 0.36328125 0.392578125 0.40234375 0.392578125 0.41796875 0.40625 0.4544270833333333 0.4208984375 0.4739583333333333 0.4267578125 0.4791666666666667
0 0.30859375 0.5247395833333334 0.3271484375 0.5130208333333334 0.33984375 0.4908854166666667 0.345703125 0.4700520833333333 0.345703125 0.43359375 0.337890625 0.41015625 0.3232421875 0.390625 0.3134765625 0.3854166666666667 0.2958984375 0.3854166666666667 0.2822265625 0.3958333333333333 0.26953125 0.4153645833333333 0.26171875 0.44140625 0.26171875 0.47265625 0.267578125 0.5091145833333334 0.2724609375 0.515625 0.2919921875 0.5260416666666666
0 0.205078125 0.4544270833333333 0.2197265625 0.4505208333333333 0.2333984375 0.4401041666666667 0.24609375 0.4127604166666667 0.2421875 0.3736979166666667 0.2333984375 0.359375 0.2138671875 0.3463541666666667 0.1884765625 0.3515625 0.169921875 0.37890625 0.16796875 0.4127604166666667 0.173828125 0.43359375 0.1865234375 0.4479166666666667
0 0.17578125 0.5611979166666666 0.1884765625 0.5546875 0.205078125 0.5299479166666666 0.208984375 0.5169270833333334 0.208984375 0.4934895833333333 0.205078125 0.4752604166666667 0.1923828125 0.4557291666666667 0.1767578125 0.4453125 0.1572265625 0.4453125 0.12890625 0.47265625 0.123046875 0.48828125 0.123046875 0.51953125 0.130859375 0.5403645833333334 0.1416015625 0.5546875 0.1552734375 0.5625
0 0.076171875 0.67578125 0.0830078125 0.6640625 0.1064453125 0.6614583333333334 0.1181640625 0.6536458333333334 0.1279296875 0.65625 0.1328125 0.6497395833333334 0.130859375 0.6341145833333334 0.140625 0.6184895833333334 0.14453125 0.5794270833333334 0.134765625 0.5455729166666666 0.1181640625 0.5286458333333334 0.1005859375 0.5234375 0.0771484375 0.5338541666666666 0.0625 0.55078125 0.052734375 0.57421875 0.048828125 0.59765625 0.05078125 0.6184895833333334 0.056640625 0.63671875 0.072265625 0.6575520833333334 0.068359375 0.6731770833333334
0 0.11328125 0.77734375 0.1318359375 0.765625 0.140625 0.7513020833333334 0.1484375 0.7200520833333334 0.146484375 0.7018229166666666 0.138671875 0.6809895833333334 0.1259765625 0.6666666666666666 0.1162109375 0.6614583333333334 0.0908203125 0.6640625 0.0791015625 0.6744791666666666 0.06640625 0.6966145833333334 0.0625 0.7408854166666666 0.0849609375 0.7708333333333334 0.0966796875 0.7786458333333334
0 0.4765625 0.6731770833333334 0.4912109375 0.6692708333333334 0.521484375 0.6419270833333334 0.533203125 0.60546875 0.53515625 0.55859375 0.525390625 0.52734375 0.5068359375 0.5026041666666666 0.4833984375 0.484375 0.4599609375 0.4791666666666667 0.4384765625 0.4895833333333333 0.4384765625 0.4817708333333333 0.4306640625 0.4817708333333333 0.423828125 0.48828125 0.423828125 0.5091145833333334 0.40234375 0.5533854166666666 0.40234375 0.6106770833333334 0.412109375 0.63671875 0.4365234375 0.6666666666666666 0.4560546875 0.6744791666666666
0 0.43359375 0.8138020833333334 0.4521484375 0.8072916666666666 0.4619140625 0.7916666666666666 0.474609375 0.78515625 0.484375 0.76171875 0.478515625 0.7356770833333334 0.490234375 0.72265625 0.486328125 0.7044270833333334 0.4677734375 0.6796875 0.4482421875 0.671875 0.4287109375 0.6796875 0.421875 0.6888020833333334 0.423828125 0.7356770833333334 0.40625 0.78515625 0.40625 0.7955729166666666 0.4150390625 0.8098958333333334
0 0.3984375 0.91015625 0.419921875 0.8893229166666666 0.427734375 0.8684895833333334 0.427734375 0.8528645833333334 0.421875 0.8346354166666666 0.4052734375 0.8151041666666666 0.3818359375 0.8125 0.3662109375 0.8229166666666666 0.35546875 0.8424479166666666 0.353515625 0.85546875 0.357421875 0.88671875 0.3759765625 0.9114583333333334
0 0.556640625 0.2799479166666667 0.5751953125 0.2760416666666667 0.5947265625 0.2630208333333333 0.607421875 0.24348958333333334 0.615234375 0.21484375 0.61328125 0.18880208333333334 0.60546875 0.16796875 0.5869140625 0.14583333333333334 0.5712890625 0.13802083333333334 0.5419921875 0.13802083333333334 0.5283203125 0.14583333333333334 0.509765625 0.16796875 0.501953125 0.19140625 0.50390625 0.22786458333333334 0.517578125 0.2591145833333333 0.5224609375 0.265625 0.5380859375 0.265625
0 0.533203125 0.3684895833333333 0.5419921875 0.3645833333333333 0.5546875 0.34765625 0.5625 0.3190104166666667 0.560546875 0.2981770833333333 0.5458984375 0.2708333333333333 0.5224609375 0.265625 0.5029296875 0.2786458333333333 0.501953125 0.2643229166666667 0.4921875 0.23567708333333334 0.4677734375 0.21354166666666666 0.4501953125 0.21354166666666666 0.4287109375 0.2265625 0.419921875 0.23828125 0.41015625 0.2669270833333333 0.41015625 0.29296875 0.41796875 0.3190104166666667 0.4306640625 0.3359375 0.4462890625 0.34375 0.4677734375 0.34375 0.4892578125 0.3255208333333333 0.49609375 0.3502604166666667 0.5087890625 0.3671875
0 0.6953125 0.29296875 0.7216796875 0.28125 0.734375 0.2669270833333333 0.740234375 0.2513020833333333 0.736328125 0.21744791666666666 0.7119140625 0.19270833333333334 0.6806640625 0.17447916666666666 0.6357421875 0.18489583333333334 0.626953125 0.19661458333333334 0.619140625 0.22265625 0.62109375 0.2669270833333333 0.6298828125 0.28125 0.6494140625 0.2942708333333333
0 0.7734375 0.4622395833333333 0.7958984375 0.4557291666666667 0.818359375 0.43359375 0.83203125 0.40234375 0.841796875 0.3502604166666667 0.8056640625 0.3020833333333333 0.7939453125 0.2942708333333333 0.7802734375 0.2890625 0.7451171875 0.2942708333333333 0.7353515625 0.28125 0.7236328125 0.2786458333333333 0.71484375 0.2955729166666667 0.720703125 0.3216145833333333 0.70703125 0.36328125 0.708984375 0.4049479166666667 0.71875 0.4309895833333333 0.7333984375 0.4505208333333333 0.7529296875 0.4609375
0 0.888671875 0.3190104166666667 0.8955078125 0.3177083333333333 0.904296875 0.3059895833333333 0.904296875 0.27734375 0.890625 0.26171875 0.8984375 0.25390625 0.908203125 0.22786458333333334 0.912109375 0.19401041666666666 0.91015625 0.17317708333333334 0.8984375 0.13411458333333334 0.8779296875 0.109375 0.8564453125 0.09895833333333333 0.8310546875 0.09895833333333333 0.8173828125 0.10416666666666667 0.7998046875 0.1171875 0.787109375 0.13411458333333334 0.77734375 0.15755208333333334 0.771484375 0.18619791666666666 0.7734375 0.22265625 0.78515625 0.2513020833333333 0.8056640625 0.2786458333333333 0.8310546875 0.2916666666666667 0.8642578125 0.28125 0.87109375 0.3059895833333333 0.8798828125 0.3177083333333333
0 0.6640625 0.12109375 0.6748046875 0.1171875 0.6875 0.10286458333333333 0.6953125 0.07421875 0.685546875 0.04296875 0.6748046875 0.028645833333333332 0.6689453125 0.0234375 0.6552734375 0.0234375 0.634765625 0.040364583333333336 0.626953125 0.07421875 0.626953125 0.09244791666666667 0.6396484375 0.11458333333333333 0.6552734375 0.12239583333333333
0 0.59765625 0.11067708333333333 0.6162109375 0.09635416666666667 0.626953125 0.07942708333333333 0.63671875 0.029947916666666668 0.6298828125 0 0.470703125 0.0013020833333333333 0.4755859375 0.010416666666666666 0.4892578125 0.018229166666666668 0.5087890625 0.010416666666666666 0.5126953125 0.0026041666666666665 0.5234375 0.01953125 0.5234375 0.037760416666666664 0.53125 0.061197916666666664 0.5537109375 0.09375 0.5712890625 0.10677083333333333
0 0.962890625 0.30078125 0.9755859375 0.2994791666666667 0.9873046875 0.2916666666666667 1 0.2747395833333333 1 0.18098958333333334 0.9853515625 0.1640625 0.9658203125 0.15625 0.9501953125 0.15885416666666666 0.9306640625 0.171875 0.9140625 0.19921875 0.91015625 0.21484375 0.912109375 0.2565104166666667 0.923828125 0.2825520833333333 0.93359375 0.28515625 0.92578125 0.2877604166666667 0.9287109375 0.2916666666666667 0.9365234375 0.2890625 0.9462890625 0.2994791666666667
0 0.9296875 0.13411458333333334 0.9384765625 0.1171875 0.9638671875 0.1015625 0.986328125 0.07161458333333333 0.994140625 0.04296875 0.990234375 0.00390625 0.9873046875 0 0.8662109375 0 0.857421875 0.029947916666666668 0.859375 0.07161458333333333 0.8759765625 0.09635416666666667 0.8896484375 0.1015625 0.8955078125 0.1171875 0.9130859375 0.12239583333333333 0.9208984375 0.13541666666666666
0 0.9921875 0.4674479166666667 1 0.46484375 1 0.3346354166666667 0.9755859375 0.3307291666666667 0.9541015625 0.34375 0.939453125 0.3658854166666667 0.93359375 0.3841145833333333 0.93359375 0.4153645833333333 0.9453125 0.4466145833333333 0.9580078125 0.4609375 0.9736328125 0.46875
0 0.7890625 0.5768229166666666 0.8037109375 0.5546875 0.826171875 0.5325520833333334 0.833984375 0.5065104166666666 0.830078125 0.4778645833333333 0.8193359375 0.4609375 0.8095703125 0.4557291666666667 0.7841796875 0.4609375 0.767578125 0.4778645833333333 0.751953125 0.5065104166666666 0.7578125 0.5325520833333334 0.755859375 0.55859375 0.76171875 0.5716145833333334 0.7705078125 0.578125
0 0.728515625 0.7096354166666666 0.7470703125 0.6979166666666666 0.759765625 0.6809895833333334 0.76953125 0.6471354166666666 0.76953125 0.6236979166666666 0.763671875 0.6002604166666666 0.7451171875 0.5729166666666666 0.7236328125 0.5625 0.7080078125 0.5625 0.6904296875 0.5703125 0.671875 0.5924479166666666 0.662109375 0.6263020833333334 0.662109375 0.6549479166666666 0.673828125 0.6861979166666666 0.6923828125 0.7057291666666666 0.7021484375 0.7109375
0 0.603515625 0.6783854166666666 0.6259765625 0.671875 0.650390625 0.65234375 0.662109375 0.62890625 0.669921875 0.59765625 0.671875 0.55078125 0.66015625 0.5169270833333334 0.6474609375 0.4973958333333333 0.6259765625 0.4791666666666667 0.6005859375 0.4739583333333333 0.5849609375 0.4791666666666667 0.544921875 0.51953125 0.5390625 0.53515625 0.53125 0.63671875 0.5478515625 0.6666666666666666 0.5908203125 0.6796875
0 0.5546875 0.5013020833333334 0.5654296875 0.4973958333333333 0.5859375 0.4752604166666667 0.59375 0.4544270833333333 0.59375 0.42578125 0.587890625 0.4049479166666667 0.5712890625 0.3802083333333333 0.5556640625 0.3697916666666667 0.5380859375 0.3697916666666667 0.5224609375 0.3776041666666667 0.50390625 0.3997395833333333 0.494140625 0.43359375 0.5107421875 0.4921875 0.5205078125 0.4921875 0.5380859375 0.5026041666666666
0 0.646484375 0.4830729166666667 0.6533203125 0.46875 0.6845703125 0.4661458333333333 0.708984375 0.4388020833333333 0.712890625 0.4205729166666667 0.705078125 0.3684895833333333 0.69921875 0.35546875 0.6787109375 0.3307291666666667 0.6650390625 0.328125 0.6552734375 0.3203125 0.6455078125 0.3203125 0.6298828125 0.3307291666666667 0.6064453125 0.3567708333333333 0.5869140625 0.3567708333333333 0.578125 0.3736979166666667 0.578125 0.38671875 0.58984375 0.41015625 0.599609375 0.4127604166666667 0.599609375 0.4361979166666667 0.607421875 0.46484375 0.6162109375 0.4739583333333333 0.6279296875 0.46875 0.6396484375 0.484375
0 0.810546875 0.8606770833333334 0.8203125 0.83984375 0.8212890625 0.8229166666666666 0.8447265625 0.8255208333333334 0.8623046875 0.8177083333333334 0.88671875 0.7825520833333334 0.892578125 0.75390625 0.890625 0.74609375 0.9072265625 0.7526041666666666 0.91796875 0.7408854166666666 0.91796875 0.7278645833333334 0.90625 0.7044270833333334 0.8896484375 0.6822916666666666 0.876953125 0.6731770833333334 0.8525390625 0.6197916666666666 0.8251953125 0.6354166666666666 0.7763671875 0.6354166666666666 0.7734375 0.6549479166666666 0.763671875 0.66796875 0.759765625 0.69140625 0.751953125 0.7096354166666666 0.7578125 0.7434895833333334 0.7646484375 0.7526041666666666 0.775390625 0.7565104166666666 0.759765625 0.80078125 0.767578125 0.8346354166666666 0.7841796875 0.8567708333333334
0 0.955078125 0.7434895833333334 0.9599609375 0.7421875 0.9755859375 0.71875 0.9853515625 0.71875 1 0.7044270833333334 1 0.51953125 0.9814453125 0.5052083333333334 0.9736328125 0.4921875 0.9423828125 0.4947916666666667 0.9072265625 0.515625 0.875 0.5716145833333334 0.87109375 0.59765625 0.873046875 0.62890625 0.890625 0.67578125 0.912109375 0.7044270833333334 0.9208984375 0.7265625 0.9443359375 0.7421875
0 0.927734375 0.87890625 0.9404296875 0.8723958333333334 0.955078125 0.8502604166666666 0.958984375 0.80859375 0.953125 0.7877604166666666 0.9384765625 0.7682291666666666 0.9130859375 0.7630208333333334 0.8974609375 0.7708333333333334 0.88671875 0.7825520833333334 0.876953125 0.8059895833333334 0.875 0.8346354166666666 0.884765625 0.8606770833333334 0.8974609375 0.875 0.9091796875 0.8802083333333334
0 0.986328125 0.82421875 1 0.8190104166666666 1 0.7356770833333334 0.9892578125 0.7291666666666666 0.9658203125 0.7395833333333334 0.953125 0.7643229166666666 0.953125 0.7877604166666666 0.958984375 0.80859375 0.9736328125 0.8229166666666666
0 1 0.99609375 1 0.8580729166666666 0.9736328125 0.8567708333333334 0.9560546875 0.8697916666666666 0.93359375 0.91015625 0.931640625 0.9388020833333334 0.935546875 0.9674479166666666 0.9521484375 0.9973958333333334
0 0.857421875 0.98046875 0.8642578125 0.9739583333333334 0.8720703125 0.9739583333333334 0.884765625 0.95703125 0.892578125 0.9309895833333334 0.892578125 0.91015625 0.884765625 0.8841145833333334 0.8720703125 0.8671875 0.8583984375 0.859375 0.8388671875 0.859375 0.8232421875 0.8697916666666666 0.810546875 0.88671875 0.8046875 0.9075520833333334 0.8046875 0.9283854166666666 0.8232421875 0.96875 0.8369140625 0.9791666666666666
0 0.80859375 0.9986979166666666 0.81640625 0.9752604166666666 0.814453125 0.9544270833333334 0.806640625 0.93359375 0.7900390625 0.9140625 0.7646484375 0.90625 0.7490234375 0.9114583333333334 0.728515625 0.9283854166666666 0.71484375 0.9752604166666666 0.7197265625 0.9973958333333334
0 0.640625 0.8971354166666666 0.6611328125 0.8880208333333334 0.681640625 0.86328125 0.69140625 0.83203125 0.69140625 0.7981770833333334 0.68359375 0.7721354166666666 0.6630859375 0.7447916666666666 0.65234375 0.73828125 0.654296875 0.71484375 0.650390625 0.7044270833333334 0.6357421875 0.6901041666666666 0.6259765625 0.6901041666666666 0.6123046875 0.6979166666666666 0.6025390625 0.7135416666666666 0.5869140625 0.7083333333333334 0.5703125 0.7278645833333334 0.56640625 0.73828125 0.5703125 0.7565104166666666 0.5859375 0.7643229166666666 0.57421875 0.79296875 0.572265625 0.83203125 0.576171875 0.86328125 0.5927734375 0.8880208333333334 0.6259765625 0.8880208333333334 0.6337890625 0.8984375
0 0.52734375 0.87109375 0.5478515625 0.8619791666666666 0.5625 0.8450520833333334 0.5703125 0.8268229166666666 0.572265625 0.78515625 0.568359375 0.76171875 0.5634765625 0.7552083333333334 0.5361328125 0.7369791666666666 0.5126953125 0.7369791666666666 0.4951171875 0.7473958333333334 0.482421875 0.7643229166666666 0.474609375 0.78515625 0.47265625 0.81640625 0.478515625 0.8372395833333334 0.4931640625 0.859375 0.5087890625 0.8697916666666666
0 0.693359375 0.99609375 0.712890625 0.9778645833333334 0.71875 0.9596354166666666 0.71875 0.9361979166666666 0.712890625 0.91796875 0.7021484375 0.9036458333333334 0.6923828125 0.8984375 0.6748046875 0.8984375 0.65234375 0.9205729166666666 0.646484375 0.9361979166666666 0.646484375 0.96484375 0.6591796875 0.9895833333333334 0.6806640625 0.9973958333333334
0 0.54296875 0.9986979166666666 0.544921875 0.9830729166666666 0.533203125 0.9518229166666666 0.5244140625 0.9401041666666666 0.5068359375 0.9296875 0.4853515625 0.9296875 0.4638671875 0.9401041666666666 0.447265625 0.96484375 0.44140625 0.9856770833333334 0.4443359375 1
0 0.681640625 0.9986979166666666 0.6669921875 0.9895833333333334 0.6513671875 0.9869791666666666 0.6416015625 0.9869791666666666 0.630859375 0.99609375 0.6318359375 1
0 0.255859375 0.7643229166666666 0.2841796875 0.7630208333333334 0.2998046875 0.7526041666666666 0.314453125 0.73046875 0.322265625 0.7018229166666666 0.322265625 0.67578125 0.314453125 0.6471354166666666 0.2978515625 0.6223958333333334 0.2763671875 0.609375 0.2509765625 0.609375 0.2294921875 0.6223958333333334 0.216796875 0.6393229166666666 0.20703125 0.6731770833333334 0.20703125 0.7018229166666666 0.21875 0.7356770833333334 0.2373046875 0.7578125 0.2490234375 0.765625
0 0.28515625 0.98828125 0.3076171875 0.9817708333333334 0.3359375 0.9544270833333334 0.3515625 0.9231770833333334 0.357421875 0.88671875 0.353515625 0.8528645833333334 0.34375 0.8190104166666666 0.3193359375 0.7838541666666666 0.3056640625 0.7734375 0.2763671875 0.7630208333333334 0.2529296875 0.765625 0.2353515625 0.7734375 0.2109375 0.7981770833333334 0.19921875 0.8190104166666666 0.1943359375 0.8385416666666666 0.1806640625 0.8333333333333334 0.1611328125 0.8359375 0.1455078125 0.8489583333333334 0.130859375 0.87109375 0.123046875 0.8997395833333334 0.125 0.9231770833333334 0.1328125 0.9466145833333334 0.1494140625 0.9661458333333334 0.1826171875 0.9713541666666666 0.2099609375 0.9505208333333334 0.2158203125 0.9505208333333334 0.2255859375 0.9661458333333334 0.2412109375 0.9791666666666666 0.2685546875 0.9895833333333334
0 0.134765625 0.9986979166666666 0.150390625 0.9830729166666666 0.154296875 0.9700520833333334 0.12890625 0.9388020833333334 0.125 0.8971354166666666 0.1005859375 0.8932291666666666 0.0908203125 0.8984375 0.078125 0.9127604166666666 0.0703125 0.9309895833333334 0.068359375 0.9622395833333334 0.072265625 0.98046875 0.0888671875 1
0 0.08203125 0.9986979166666666 0.0703125 0.97265625 0.068359375 0.9466145833333334 0.0654296875 0.9453125 0.05078125 0.9700520833333334 0.048828125 0.9986979166666666
0 0.248046875 0.9986979166666666 0.2412109375 0.9869791666666666 0.2236328125 0.9765625 0.1962890625 0.9765625 0.1806640625 0.984375 0.169921875 0.99609375 0.1708984375 1
0 0.146484375 0.84765625 0.1591796875 0.8359375 0.1865234375 0.8333333333333334 0.201171875 0.80859375 0.205078125 0.79296875 0.203125 0.76171875 0.1826171875 0.7369791666666666 0.1591796875 0.734375 0.1474609375 0.7421875 0.1328125 0.76953125 0.130859375 0.79296875 0.138671875 0.8190104166666666 0.138671875 0.8424479166666666 0.1416015625 0.8489583333333334
0 0.04296875 0.94140625 0.0693359375 0.9296875 0.078125 0.91015625 0.095703125 0.8919270833333334 0.103515625 0.8684895833333334 0.10546875 0.8372395833333334 0.099609375 0.80859375 0.08984375 0.7825520833333334 0.0810546875 0.7708333333333334 0.0537109375 0.7526041666666666 0.0205078125 0.7526041666666666 0 0.76171875 0 0.93359375 0.0185546875 0.9427083333333334
0 0.00390625 0.7122395833333334 0.0166015625 0.703125 0.029296875 0.68359375 0.033203125 0.6705729166666666 0.033203125 0.64453125 0.0234375 0.6158854166666666 0.0009765625 0.59375 0 0.7122395833333334
0 0.00390625 0.50390625 0.017578125 0.4778645833333333 0.01953125 0.4440104166666667 0.013671875 0.42578125 0.0009765625 0.4114583333333333 0 0.50390625
0 0.0625 0.48828125 0.0771484375 0.4817708333333333 0.0859375 0.4700520833333333 0.08984375 0.4596354166666667 0.08984375 0.4388020833333333 0.083984375 0.4205729166666667 0.0751953125 0.4088541666666667 0.0517578125 0.40625 0.033203125 0.42578125 0.029296875 0.4544270833333333 0.0419921875 0.4817708333333333 0.0556640625 0.4895833333333333
0 0.12109375 0.4830729166666667 0.126953125 0.4778645833333333 0.1298828125 0.4635416666666667 0.1396484375 0.4609375 0.15625 0.4440104166666667 0.16796875 0.4127604166666667 0.16796875 0.38671875 0.16015625 0.36328125 0.1513671875 0.3515625 0.1298828125 0.3411458333333333 0.1201171875 0.3411458333333333 0.1025390625 0.3515625 0.091796875 0.3658854166666667 0.08203125 0.3997395833333333 0.083984375 0.4231770833333333 0.095703125 0.4440104166666667 0.09765625 0.46484375 0.1044921875 0.4739583333333333
0 0.162109375 0.3502604166666667 0.1728515625 0.3489583333333333 0.205078125 0.3216145833333333 0.212890625 0.27734375 0.2109375 0.2565104166666667 0.19921875 0.22526041666666666 0.208984375 0.20442708333333334 0.2109375 0.18880208333333334 0.1904296875 0.15364583333333334 0.1748046875 0.14322916666666666 0.1533203125 0.1484375 0.14453125 0.15755208333333334 0.1337890625 0.18489583333333334 0.1201171875 0.18489583333333334 0.1015625 0.21484375 0.09375 0.24609375 0.095703125 0.28515625 0.107421875 0.31640625 0.1259765625 0.3385416666666667 0.1474609375 0.3489583333333333
0 0.134765625 0.17838541666666666 0.142578125 0.16015625 0.1572265625 0.14583333333333334 0.1748046875 0.14322916666666666 0.185546875 0.14713541666666666 0.185546875 0.11848958333333333 0.1982421875 0.1171875 0.20703125 0.10546875 0.205078125 0.09505208333333333 0.234375 0.05859375 0.2421875 0.032552083333333336 0.2431640625 0 0.1162109375 0 0.11328125 0.00390625 0.115234375 0.037760416666666664 0.123046875 0.061197916666666664 0.12109375 0.07682291666666667 0.13671875 0.09505208333333333 0.126953125 0.10546875 0.1171875 0.12890625 0.1171875 0.15234375 0.123046875 0.16796875
0 0.271484375 0.09765625 0.2900390625 0.09375 0.2998046875 0.08072916666666667 0.3115234375 0.09635416666666667 0.3251953125 0.09635416666666667 0.337890625 0.08203125 0.337890625 0.06380208333333333 0.3251953125 0.049479166666666664 0.3154296875 0.049479166666666664 0.3076171875 0.057291666666666664 0.298828125 0.022135416666666668 0.2841796875 0.0078125 0.2666015625 0.0026041666666666665 0.2509765625 0.013020833333333334 0.244140625 0.024739583333333332 0.23828125 0.04296875 0.23828125 0.06640625 0.2490234375 0.08854166666666667
0 0.00390625 0.39453125 0.01171875 0.38671875 0.025390625 0.3580729166666667 0.02734375 0.3190104166666667 0.01953125 0.2981770833333333 0.0009765625 0.2786458333333333 0 0.39453125
0 0.0625 0.27734375 0.083984375 0.2565104166666667 0.091796875 0.23307291666666666 0.091796875 0.20963541666666666 0.087890625 0.19401041666666666 0.0732421875 0.17447916666666666 0.0439453125 0.171875 0.021484375 0.19401041666666666 0.009765625 0.22786458333333334 0.009765625 0.24348958333333334 0 0.24869791666666666 0 0.2747395833333333 0.0087890625 0.2786458333333333 0.0185546875 0.2682291666666667 0.0361328125 0.2786458333333333
0 0.00390625 0.23828125 0.017578125 0.20963541666666666 0.021484375 0.17317708333333334 0.01171875 0.13932291666666666 0.0009765625 0.125 0 0.23828125
0 0.068359375 0.16796875 0.0830078125 0.16145833333333334 0.09765625 0.14453125 0.109375 0.11588541666666667 0.111328125 0.08463541666666667 0.103515625 0.055989583333333336 0.0927734375 0.0390625 0.0751953125 0.026041666666666668 0.0498046875 0.0234375 0.0322265625 0.03125 0.015625 0.048177083333333336 0.001953125 0.08463541666666667 0.001953125 0.11328125 0.013671875 0.14453125 0.0263671875 0.15885416666666666 0.0439453125 0.16927083333333334
0 0.037109375 0.02734375 0.0556640625 0.0234375 0.0693359375 0.013020833333333334 0.076171875 0.0013020833333333333 0.001953125 0.0013020833333333333 0.0166015625 0.020833333333333332
0 0.75390625 0.07682291666666667 0.7744140625 0.06770833333333333 0.796875 0.037760416666666664 0.80078125 0.024739583333333332 0.7998046875 0 0.681640625 0.0013020833333333333 0.685546875 0.045572916666666664 0.6982421875 0.06770833333333333 0.7177734375 0.078125
0 0.568359375 0.9986979166666666 0.556640625 0.9674479166666666 0.5517578125 0.9661458333333334 0.544921875 0.9830729166666666 0.546875 0.9986979166666666
0 0.62109375 0.9986979166666666 0.6279296875 0.9973958333333334 0.634765625 0.98828125 0.642578125 0.9622395833333334 0.642578125 0.9440104166666666 0.6328125 0.9205729166666666 0.630859375 0.89453125 0.6259765625 0.8880208333333334 0.6162109375 0.8880208333333334 0.6123046875 0.8932291666666666 0.5927734375 0.890625 0.5771484375 0.8984375 0.5625 0.91796875 0.5546875 0.9440104166666666 0.5546875 0.9596354166666666 0.5625 0.98828125 0.5693359375 0.9973958333333334
0 0.505859375 0.2747395833333333 0.51953125 0.2643229166666667 0.5107421875 0.24739583333333334 0.5 0.26171875 0.501953125 0.2747395833333333